330711.215503	57057.431220	30757.383852	11315.269537	6176.289723	8919.022642	8269.794489	6990.601646	6949.179887	5543.850693	4611.540210	4648.039986	5458.282416	6338.299192	5219.747935	2737.646317	4481.549540	4718.087190	3361.354712	3133.581088	3076.438348	3082.139115	2928.523694	2532.778605	2256.128394	2222.999445	2378.891152	3100.141424	2501.295484	2319.785804	2555.233838	2300.717562	2449.436162	1911.436000	1843.440489	1550.258219	1715.862575	2130.007241	1777.180237	1668.269523	1867.939273	2184.108436	1800.185113	1749.110000	1387.371293	1782.891983	2091.023523	1588.671530	1517.377439	1777.578728	1564.325491	1410.639656	1711.553995	1544.981016	1506.897966	1638.851475	1370.689427	1597.518303	1366.162768	1464.272815	1202.465810	1137.997526	1091.292399	1191.792876	1162.890118	1378.814243	1111.959029	995.906669	1120.930051	1538.951081	1807.110145	1534.612304	2496.285170	2024.997830	2626.944979	5705.909953	2787.435127	
57057.431220	295265.896819	54686.901808	11583.387183	8363.173355	12978.223108	11570.924779	12673.693105	7238.821582	3043.001658	3762.851852	4226.460705	3355.977277	4051.950643	7114.019136	5971.571268	3638.067006	3579.641912	2428.667947	1917.455748	3779.603648	2595.103777	2887.474753	4292.082420	4285.126834	4370.291491	3456.163131	2016.402078	3803.104215	3143.990326	2266.755657	1149.020560	2000.267700	2859.037175	2321.858636	3017.351846	2983.094305	2289.792219	2818.118113	2777.257454	1387.211063	1286.444195	1321.574042	1323.258397	609.167035	887.831538	1392.389197	1451.906186	2665.384566	1830.136696	1415.598558	1929.443031	1319.470696	921.958065	615.221190	1376.501556	2107.297867	1381.075914	452.997862	1106.679910	1955.290353	1985.660759	1777.865151	1708.522224	1444.528192	1100.752891	1686.124786	1919.513641	1566.103217	1547.675258	838.662749	1783.767390	1200.471041	2635.522056	2227.488267	1393.128442	364.955298	
30757.383852	54686.901808	281806.646520	71595.266153	13222.030061	13339.318286	10372.414971	6800.458330	6768.658741	6394.708900	4500.500618	4575.850282	5480.915039	5562.270933	3707.178812	1903.412243	3268.022718	3888.801365	3375.019908	3516.020400	2631.648041	3218.778192	2728.646972	2098.440842	2073.091877	2087.042215	2473.443094	3197.046484	2415.099118	2288.078349	2432.027216	2325.605999	2172.128961	1460.531969	1522.175791	1304.019233	1599.567618	1977.895791	1746.176170	1520.553394	1860.436152	2034.585969	1549.905276	1435.070850	1525.705200	1617.701751	1718.387690	1548.147885	1301.984039	1743.654043	1419.903782	1202.074073	1465.901945	1434.187872	1578.848077	1437.730577	1253.494584	1349.883064	1425.553195	1293.115078	1036.160186	999.811010	909.458552	1080.302188	1054.683189	1289.317834	897.031796	778.932707	918.587269	1103.240244	1367.336946	979.515119	1640.743125	992.658345	1039.561187	1869.805654	590.422678	
11315.269537	11583.387183	71595.266153	288428.902470	58301.409058	29695.575087	14179.615028	7227.816766	7780.036150	6918.918178	4847.328703	4977.899233	5215.278742	4880.680194	3068.126264	1260.675390	2428.302574	3220.715508	3220.689355	3636.952433	2668.372214	3098.861788	2714.567585	1720.395691	1590.678145	1538.948238	1952.695346	2893.091369	1716.184134	1976.079667	2153.178832	2450.440298	2117.536114	1091.591026	1468.649794	1052.266239	1268.142451	1784.163966	1226.981525	1099.174877	1858.193030	2264.028233	1936.728097	1762.102793	1966.889955	1922.666757	1926.359564	1719.014918	978.836216	1419.008138	1291.262903	993.849181	1593.846137	1770.283119	1835.436650	1546.230856	1040.801826	1314.719047	1479.048974	1081.794986	695.890006	728.962508	723.957395	672.232297	699.366991	1042.348849	634.713715	554.551851	746.912922	886.224160	1433.928957	824.759432	1406.742077	669.319377	822.880232	1492.144417	436.767216	
6176.289723	8363.173355	13222.030061	58301.409058	342513.536358	56229.000965	14880.246145	9435.369037	6831.703366	5726.835966	4177.538152	4023.236258	3244.961827	3666.175265	3737.583494	2716.000497	2188.425273	2328.524000	2347.243359	2522.988757	2224.266082	2690.518228	2178.176196	1973.966529	1935.356949	1578.527973	1730.574126	2222.257954	1511.977669	2135.466967	1883.490465	2004.147682	1831.477622	1277.031035	1928.225499	1329.287106	1284.773412	1667.301264	1141.289596	990.991057	1532.751433	1666.325208	1572.462769	1471.093320	1532.410098	1402.650706	1381.792310	2455.492050	1010.684132	1143.619573	1084.426342	874.226209	1317.898146	1388.538202	1364.938599	1227.720305	877.706960	1083.520781	1082.332706	735.618773	702.336030	788.692489	628.670350	575.620965	565.223374	846.364743	619.695292	806.130648	960.282241	719.008281	1065.441213	688.354096	879.211531	898.994527	966.003864	1109.093554	360.930890	
8919.022642	12978.223108	13339.318286	29695.575087	56229.000965	233459.709742	89072.992550	23992.850353	15868.625435	6947.432489	6434.958464	6452.863863	4844.070553	5320.628020	5439.397273	3229.813077	3254.349696	3843.151500	2810.124245	2762.786987	4195.075433	2999.905883	2913.887231	2814.209258	2707.401477	2675.557864	2483.369849	2079.503403	2649.903024	2385.916505	2214.293504	1534.355913	2131.426283	1973.436283	1778.011187	1790.362563	1906.459421	1845.366657	1911.274213	1888.036552	1597.452661	1765.838140	2058.308663	2052.662381	1115.417196	1550.713914	1793.205374	1470.426643	1815.458643	1362.669035	1288.602274	1390.165799	1395.976006	1399.558124	972.328476	1417.737588	1566.362172	1364.602648	734.817040	992.576844	1056.442064	1166.296458	1016.317078	980.257261	836.015562	777.990625	861.067324	811.218774	904.762949	1081.529982	1023.089023	1293.312349	1094.887957	1213.297744	1137.105729	1100.210466	306.264045	
8269.794489	11570.924779	10372.414971	14179.615028	14880.246145	89072.992550	250045.695280	50057.630157	24866.904862	9766.597226	7609.031872	7321.688558	5470.983326	6281.815455	6309.835475	3703.772344	3739.888030	4089.597322	3187.541238	2976.897400	4105.950848	3132.662092	2933.802883	2940.461010	2716.082609	2684.859588	2598.814106	2181.770608	2731.003799	2313.743070	2085.351095	1609.236263	2292.281710	2304.165673	1922.240102	1735.853059	1895.661579	1880.942839	1865.480961	1844.484074	1685.523561	1754.811069	1852.603987	1850.363117	1185.488643	1414.374752	1707.275254	1521.850645	1792.979084	1422.649796	1271.688169	1422.665648	1439.541160	1290.454486	1005.726961	1354.133015	1625.735620	1350.598251	861.557643	995.635103	1056.586482	1050.255721	928.845664	882.332499	850.207745	856.804338	890.733178	850.160959	897.416999	1080.542229	1130.734894	1338.330757	1239.454897	1317.758271	1269.153358	1199.282592	344.627691	
6990.601646	12673.693105	6800.458330	7227.816766	9435.369037	23992.850353	50057.630157	264945.923315	73889.416377	12911.433133	10118.135443	8897.677331	5700.935764	6340.710527	9732.210396	7986.984899	3960.166143	4063.789551	2868.494584	2396.688028	4143.412044	2711.786546	2600.789246	3930.029661	3568.527367	3171.465745	2437.765766	1578.957006	2589.659781	2149.550229	1745.074917	1221.275260	2132.998003	2604.149531	2074.891350	2482.697603	2285.821374	1772.104124	1876.922277	2046.539501	1441.986698	1548.115545	1916.556724	2079.792769	991.521879	1306.235401	1545.519555	1488.707639	2054.095040	1328.037432	1202.947034	1641.887026	1325.558955	1148.570536	788.246003	1246.656531	1609.061418	1300.859923	613.235376	825.914252	1208.540408	1217.623565	981.494197	1015.032820	758.377866	633.569455	1137.158606	1297.809867	1091.704006	1175.754942	887.327495	1607.333544	1098.622118	2173.571441	2114.828340	1240.227507	379.680025	
6949.179887	7238.821582	6768.658741	7780.036150	6831.703366	15868.625435	24866.904862	73889.416377	244830.262707	69670.257506	19767.352875	13929.224212	9150.048282	8835.669257	6720.175019	3315.753848	3878.495388	4450.264488	3444.858857	3324.299221	3667.841350	2907.782451	2675.560352	2266.517296	1975.946940	1883.314997	2020.947300	2001.685388	2064.852813	1859.391969	1984.115478	1847.882538	2233.923051	1707.275458	1440.694928	1339.835049	1434.144962	1714.876661	1457.946625	1506.731479	1574.413473	2035.639480	2175.724678	2224.660971	1486.896688	1816.251879	1896.075988	1376.547385	1386.314183	1316.482450	1196.568310	1284.987091	1464.896891	1541.956827	1301.929432	1358.346610	1273.026497	1321.002483	949.361859	963.846501	832.811715	769.214252	712.857301	765.051484	616.095809	775.118295	707.546813	652.668200	741.814312	925.322610	1153.586212	1336.629575	1437.159987	1237.701588	1304.942992	1539.966519	582.960241	
5543.850693	3043.001658	6394.708900	6918.918178	5726.835966	6947.432489	9766.597226	12911.433133	69670.257506	304994.225525	56309.908532	24863.411132	15198.537074	9721.868189	4153.869422	1671.378850	3026.626412	3796.004199	3852.293847	3817.827616	2135.977653	2782.198408	2034.489385	1158.206394	1090.964688	985.745716	1407.540922	2454.795629	1205.548706	1409.035889	1772.498575	2396.210266	1881.276370	860.725499	1126.171236	704.295985	825.460204	1122.663723	768.333175	675.117855	1479.405115	2121.968218	2066.899165	1954.202680	2231.431361	2098.594307	1874.653963	1160.405557	642.825683	1109.762624	1001.540543	784.151286	1300.591733	1608.883342	1852.807348	1198.594500	637.704361	1087.219170	1578.340723	912.784816	438.405307	405.011064	421.243086	469.785891	438.816871	851.827929	454.912719	336.678035	496.266646	651.939729	1203.343604	695.164954	1328.713474	506.606500	785.519385	1743.078688	481.269894	
4611.540210	3762.851852	4500.500618	4847.328703	4177.538152	6434.958464	7609.031872	10118.135443	19767.352875	56309.908532	279376.787079	104267.961864	18701.277297	9729.938986	5238.578575	2191.581183	2880.824133	3820.571533	3556.917434	3616.231406	2957.548642	2659.650855	1993.194676	1422.760541	1309.649321	1253.920380	1471.908479	1927.355392	1476.066329	1475.838075	1623.425210	1903.686241	1806.612739	1097.098942	1045.364738	877.919290	967.908569	1242.619145	1038.329737	991.618273	1470.526536	2111.805728	2459.483792	2478.447667	2011.997480	2321.987417	1879.530066	1194.317283	840.892082	1089.027212	972.287568	897.720958	1373.372596	1694.975213	1590.336021	1274.445294	921.045789	1161.725470	1241.220817	828.450575	595.470804	539.077013	473.742027	522.118763	514.933859	701.916068	481.264161	425.929085	520.232819	688.645712	1095.800539	904.063473	1123.118993	678.776359	791.477609	1256.720406	348.423653	
4648.039986	4226.460705	4575.850282	4977.899233	4023.236258	6452.863863	7321.688558	8897.677331	13929.224212	24863.411132	104267.961864	263270.109427	56820.383626	14282.974103	6811.310930	2893.499052	3239.411586	4480.067555	4019.423744	3966.586021	3399.154392	2804.491091	2187.787147	1631.317463	1535.611358	1501.154319	1725.039278	1929.643264	1760.040597	1658.243369	1798.667237	2014.222584	1911.986631	1166.994303	1092.054993	1004.702858	1082.209421	1452.486300	1186.877037	1300.189311	1572.971430	2207.784751	2678.939604	2781.092973	2071.415628	2520.753017	1977.095168	1227.453403	1047.080136	1127.744835	1123.183350	998.783735	1569.102636	1782.907927	1641.128886	1361.936633	1094.942433	1183.390173	1287.091168	959.278337	649.721925	688.082018	642.544579	651.057772	587.430047	778.567125	538.690834	417.141805	603.038941	768.087633	1179.919727	1031.427436	1267.827627	799.632504	856.286451	1342.744670	410.382413	
5458.282416	3355.977277	5480.915039	5215.278742	3244.961827	4844.070553	5470.983326	5700.935764	9150.048282	15198.537074	18701.277297	56820.383626	311834.160232	61554.375738	10642.134400	3275.762827	4536.659491	6098.214315	5348.980922	5036.336083	2950.019727	3055.329236	2239.612400	1363.110201	1288.389399	1239.769709	1632.174728	2522.569619	1604.998402	1440.110637	1885.856968	2577.021152	2078.381600	981.293455	998.067137	838.166598	925.299824	1305.774568	1034.478004	952.624670	1582.135740	2552.390521	2678.522983	2539.212635	2590.534592	2628.479649	2086.758093	1067.445785	822.694268	1193.388176	1094.820286	930.355149	1444.483235	1907.746042	1929.198920	1298.683211	834.540986	1204.516075	1750.381140	1023.525693	604.370788	584.095014	530.315314	576.019687	570.409697	914.420091	527.197352	433.811901	546.707807	810.345051	1432.663754	883.625421	1619.818701	827.158716	949.805991	2088.222915	597.495339	
6338.299192	4051.950643	5562.270933	4880.680194	3666.175265	5320.628020	6281.815455	6340.710527	8835.669257	9721.868189	9729.938986	14282.974103	61554.375738	279253.755168	66509.987861	10458.091571	8563.224688	8476.654673	6187.707902	5187.230047	3657.470400	3473.381322	2885.073941	2135.844867	1851.087131	1663.675605	1989.393511	2753.577524	1927.734263	1843.690767	2296.645327	2672.836246	2681.382000	1669.160502	1662.237571	1322.082837	1265.270175	1710.038672	1299.802925	1240.011057	1799.585957	2497.741163	2254.884289	2121.172605	1902.873129	2216.126422	2245.968096	1523.069463	1149.825077	1499.158499	1364.173870	1132.246283	1647.453652	1822.322337	1779.202866	1494.520211	996.398373	1424.618973	1514.854019	1096.711984	723.891236	753.778950	750.816242	741.914579	712.448008	982.450539	751.728481	644.017831	767.775732	1115.573953	1657.041722	1337.105650	2320.194492	1592.924012	1987.962638	3072.145533	938.559157	
5219.747935	7114.019136	3707.178812	3068.126264	3737.583494	5439.397273	6309.835475	9732.210396	6720.175019	4153.869422	5238.578575	6811.310930	10642.134400	66509.987861	284055.936794	81841.766821	9042.660654	6625.461761	3762.435658	2593.262494	3678.495981	2716.206620	2630.662335	3570.378597	3383.485181	3048.623809	2246.680597	1639.591807	2204.868561	2038.078158	1991.652334	1521.952741	2250.433828	2906.779038	2438.958369	2525.316090	1981.548020	1846.456432	1684.884842	1723.905160	1132.977064	1290.922730	1250.234346	1282.577324	729.136894	1013.225139	1417.759512	1448.957138	1818.053272	1281.961737	1077.424509	1458.670269	1113.612407	891.354485	683.604415	1107.202395	1169.286351	1080.415792	612.099775	902.248121	1157.931947	1050.076294	887.974160	881.829814	834.234501	779.674006	1456.322896	1608.573733	1210.125628	1291.283088	958.927318	1514.881462	1632.875962	3007.372222	3610.637927	2049.252141	489.306214	
2737.646317	5971.571268	1903.412243	1260.675390	2716.000497	3229.813077	3703.772344	7986.984899	3315.753848	1671.378850	2191.581183	2893.499052	3275.762827	10458.091571	81841.766821	417760.571407	5429.351064	3119.267961	2031.726655	1014.799715	2129.867885	1411.455533	1486.097031	2766.660478	2935.452290	2630.464102	1148.864723	741.772444	1416.007925	1393.924473	1113.805117	702.652513	998.931679	2404.004658	1744.627483	2151.217239	1480.318447	929.854462	952.602253	1120.275359	543.789415	578.118155	527.164019	614.663118	363.449616	413.289786	734.682376	980.907802	1474.937654	591.782907	646.061318	871.929629	538.771016	462.381551	223.220708	386.815087	824.988408	467.102852	225.321480	360.211091	747.447339	963.598415	667.074300	653.963740	598.992197	458.414953	1228.095604	1861.952164	1047.226871	748.249494	419.036826	910.478488	763.371434	3025.523520	4003.700196	1285.197409	153.435262	
4481.549540	3638.067006	3268.022718	2428.302574	2188.425273	3254.349696	3739.888030	3960.166143	3878.495388	3026.626412	2880.824133	3239.411586	4536.659491	8563.224688	9042.660654	5429.351064	317327.453784	78205.005574	19553.811472	9075.008202	7758.369158	6219.690064	5122.145152	4842.760894	4151.296108	3716.517092	3583.762229	3387.720640	3112.004960	2854.620298	2957.723902	2488.589653	3333.070170	2704.438353	2838.058447	2184.513809	2205.857103	2437.856197	2201.873555	2157.865188	2000.615559	2303.296619	2100.071115	1936.266355	1407.868727	1753.517411	2261.501224	2084.185946	2021.199256	1999.660373	1799.024500	1744.894197	2022.222435	1559.937551	1298.855302	1650.235873	1587.211968	1801.021380	1189.658944	1495.335436	1441.819547	1322.015931	1271.890266	1220.295219	1179.813882	1329.223002	1460.725679	1197.032901	1501.579770	1708.174252	1811.873022	1772.818746	2551.576092	2787.345997	3191.248724	3151.059809	646.506307	
4718.087190	3579.641912	3888.801365	3220.715508	2328.524000	3843.151500	4089.597322	4063.789551	4450.264488	3796.004199	3820.571533	4480.067555	6098.214315	8476.654673	6625.461761	3119.267961	78205.005574	246119.532139	53141.252819	17413.690762	12003.678915	8817.189038	6589.274930	5066.767267	3979.644304	3748.287075	3767.867220	4245.590868	3624.129291	3251.269217	3528.641075	3292.102511	3920.724978	2735.551316	2460.230308	2106.635277	2438.719912	2886.909566	2544.180182	2420.298639	2700.590223	3252.474081	3015.057380	2925.472846	2349.116987	2612.394876	2907.801960	2155.420159	2264.141512	2439.279508	2114.278506	2135.560660	2510.301703	2377.664267	2183.793216	2209.853021	2016.488586	2309.047472	1939.201594	1889.419398	1535.190396	1413.172733	1274.060533	1346.698744	1333.141292	1662.884795	1348.112252	1212.485271	1406.053717	1868.423934	2340.735486	2231.789531	3059.314974	2352.970623	2379.944985	2843.589013	715.762373	
3361.354712	2428.667947	3375.019908	3220.689355	2347.243359	2810.124245	3187.541238	2868.494584	3444.858857	3852.293847	3556.917434	4019.423744	5348.980922	6187.707902	3762.435658	2031.726655	19553.811472	53141.252819	278457.981712	65009.722649	14216.109560	10098.661754	6670.145268	4344.636791	3546.557149	3177.301416	3504.018497	4382.079210	2978.182384	2898.566828	3373.382591	3695.176829	3680.003617	2089.671697	2119.855594	1735.412471	2015.301764	2695.098506	2055.845354	2012.627698	2787.500146	3410.069207	3013.420797	2906.796634	2954.442722	2817.771746	2855.490918	1992.456825	1698.186560	2242.380627	2049.131435	1709.611724	2468.755048	2558.181319	2667.563431	2174.667039	1628.534306	2160.844679	2557.934907	1819.950115	1212.399700	1245.496813	1217.147269	1233.146361	1317.737518	1786.356658	1162.459514	973.705813	1204.837507	1564.261423	2306.794051	1781.645266	2749.565263	1427.424057	1518.480796	2401.793990	705.826107	
3133.581088	1917.455748	3516.020400	3636.952433	2522.988757	2762.786987	2976.897400	2396.688028	3324.299221	3817.827616	3616.231406	3966.586021	5036.336083	5187.230047	2593.262494	1014.799715	9075.008202	17413.690762	65009.722649	275132.341054	45612.737005	18710.540437	9830.275780	4947.684549	3787.681342	3355.887460	3918.300524	5277.115485	3397.975956	3055.596476	3809.531885	4422.168430	4086.463086	2026.656158	2070.719798	1619.027439	1917.745762	2671.390148	2135.042845	2019.697204	3370.537715	4061.196349	3419.196448	3300.697414	3294.137339	3268.723338	3200.385539	1988.616570	1583.956827	2422.916571	2120.328955	1743.448008	2753.567127	3085.294753	3187.630991	2546.398997	1764.110933	2514.580011	3315.507543	2284.901383	1346.236157	1308.136458	1250.361100	1260.933775	1324.814752	1974.951308	1131.665350	795.503293	1224.692425	1675.860351	2539.207898	1737.793517	2712.739329	1165.925050	1314.133120	2297.340683	528.349275	
3076.438348	3779.603648	2631.648041	2668.372214	2224.266082	4195.075433	4105.950848	4143.412044	3667.841350	2135.977653	2957.548642	3399.154392	2950.019727	3657.470400	3678.495981	2129.867885	7758.369158	12003.678915	14216.109560	45612.737005	243966.760719	62413.151010	19529.450748	12204.952875	8284.913255	6924.564442	6041.885307	4533.233457	5793.279512	4254.637590	3945.997457	3017.310438	4466.270507	3723.653391	2592.130745	2999.828545	3227.903484	3576.708540	3648.095676	3872.233227	3164.445114	3208.196105	3367.358446	3670.171738	1834.339135	2573.978988	2843.399368	2147.690027	3110.393005	2590.139533	2417.285948	2744.349607	2634.221493	2499.746523	1936.315040	2682.643224	3132.433766	2870.948937	1846.696056	2395.707438	2374.520556	2172.828275	2126.878308	2096.351016	1926.237244	1744.980939	1874.043314	1756.092350	1822.107452	2293.379256	2133.173783	2951.631490	2237.694233	2265.212002	1880.072635	1662.658400	540.319360	
3082.139115	2595.103777	3218.778192	3098.861788	2690.518228	2999.905883	3132.662092	2711.786546	2907.782451	2782.198408	2659.650855	2804.491091	3055.329236	3473.381322	2716.206620	1411.455533	6219.690064	8817.189038	10098.661754	18710.540437	62413.151010	235776.801289	73744.651395	15886.323275	8731.547280	6635.655826	6360.364280	6798.866232	4751.720188	4217.896770	4324.868860	4115.319000	4383.735447	2804.925932	2641.801718	2279.502258	2551.722251	3200.710868	2765.691405	2700.400798	3360.745486	3303.062901	2721.011974	2695.109316	2338.697024	2332.865624	2841.160264	2210.630850	2155.071007	2603.716288	2394.165841	2183.252656	2514.870939	2524.490047	2404.876333	2393.281926	2252.006207	2772.980153	2880.119756	2452.610127	1815.176765	1825.875842	1676.040372	1665.740653	1730.849673	2204.762735	1619.356979	1321.401786	1633.239278	1925.291592	2369.729028	1963.573238	2551.051074	1513.227555	1567.137547	2006.565922	541.924557	
2928.523694	2887.474753	2728.646972	2714.567585	2178.176196	2913.887231	2933.802883	2600.789246	2675.560352	2034.489385	1993.194676	2187.787147	2239.612400	2885.073941	2630.662335	1486.097031	5122.145152	6589.274930	6670.145268	9830.275780	19529.450748	73744.651395	239979.985099	53020.303082	17080.999025	11277.010721	9178.636384	7331.471868	6372.654222	5115.797576	4736.414679	3623.758996	4426.219343	3338.634586	2997.163534	2916.847343	3158.919233	3602.122528	3331.535812	3296.935781	3297.518595	2788.745050	2106.803045	2041.290710	1648.696137	1767.848645	2424.326428	2325.491810	2646.474164	2819.479855	2395.747994	2410.868097	2347.730167	2062.395804	1884.425450	2344.706189	2522.120396	2658.768987	2349.813561	2660.783955	2466.942474	2329.092632	2245.490425	2171.807724	2050.700455	2294.188435	2024.874525	1696.243027	1953.139660	2136.167782	2214.805501	2018.000058	2314.957834	1814.473820	1653.889531	1855.359480	503.726958	
2532.778605	4292.082420	2098.440842	1720.395691	1973.966529	2814.209258	2940.461010	3930.029661	2266.517296	1158.206394	1422.760541	1631.317463	1363.110201	2135.844867	3570.378597	2766.660478	4842.760894	5066.767267	4344.636791	4947.684549	12204.952875	15886.323275	53020.303082	238646.985719	69820.257883	26227.662469	13175.076423	6501.759068	7750.733384	5908.097239	4581.615809	2704.667674	3956.082936	4609.464009	3888.832310	4666.919052	4639.042003	3703.641023	4219.575416	3997.111307	2362.380045	1907.315033	1691.642945	1582.660238	964.491379	1189.582093	1863.488913	2476.470570	3586.593069	2469.860165	2212.782697	2789.811697	1912.085881	1563.892588	1152.159717	1979.409767	2889.299106	2277.713071	1235.979264	2120.574657	3280.382333	3121.167896	2790.833596	2658.715452	2423.766581	1871.848039	2778.620962	2971.380318	2541.965796	2337.000891	1503.185992	2402.717657	1761.916937	2802.203001	2334.459717	1404.828098	396.294645	
2256.128394	4285.126834	2073.091877	1590.678145	1935.356949	2707.401477	2716.082609	3568.527367	1975.946940	1090.964688	1309.649321	1535.611358	1288.389399	1851.087131	3383.485181	2935.452290	4151.296108	3979.644304	3546.557149	3787.681342	8284.913255	8731.547280	17080.999025	69820.257883	242097.402861	62180.566744	18511.496920	7901.297785	9696.736004	6747.641667	5071.899793	2782.327698	3990.252253	4685.668334	4074.834840	5337.614230	5131.562630	3653.032809	4265.660272	4243.844176	2257.615334	1775.318527	1506.951938	1405.857325	863.332012	1095.434416	1771.183060	2486.576547	3789.844395	2631.630478	2146.406328	2998.249840	1820.675011	1376.376785	1079.628013	2048.547829	3175.241765	2276.190513	1205.464481	2127.316994	3361.709127	3533.350414	3147.450134	2905.022178	2604.182037	1983.064039	3042.903255	3305.684544	2749.372569	2303.701575	1443.135331	2488.286760	1677.408174	2862.751994	2340.131255	1345.637806	348.249978	
2222.999445	4370.291491	2087.042215	1538.948238	1578.527973	2675.557864	2684.859588	3171.465745	1883.314997	985.745716	1253.920380	1501.154319	1239.769709	1663.675605	3048.623809	2630.464102	3716.517092	3748.287075	3177.301416	3355.887460	6924.564442	6635.655826	11277.010721	26227.662469	62180.566744	240481.311609	55179.441743	13734.952312	15008.674219	9037.065653	6105.405283	2906.002473	4240.586109	4808.848112	3825.267354	5768.225926	5601.452430	4157.832426	4836.666133	4859.413969	2474.284670	1830.089208	1530.673065	1437.147053	868.399942	1113.039933	1776.482399	2267.315049	4064.211673	2909.135090	2461.775629	3037.418069	1960.825061	1526.556548	1064.505043	2190.132226	3528.826785	2542.979817	1130.342694	2334.986219	3674.600252	3939.826695	3917.696285	3402.165777	3014.640807	2201.397512	3029.048894	3320.398715	2728.725597	2543.824815	1433.528075	2402.649638	1653.229936	2650.932767	1888.527947	1172.130642	184.206472	
2378.891152	3456.163131	2473.443094	1952.695346	1730.574126	2483.369849	2598.814106	2437.765766	2020.947300	1407.540922	1471.908479	1725.039278	1632.174728	1989.393511	2246.680597	1148.864723	3583.762229	3767.867220	3504.018497	3918.300524	6041.885307	6360.364280	9178.636384	13175.076423	18511.496920	55179.441743	238844.684811	61941.243251	22605.077871	11363.299636	7756.061011	4372.435617	5160.686206	4242.677317	3904.742427	4327.928879	4885.121835	4557.793111	4583.938045	4100.607283	3142.667236	2343.106665	1767.276248	1721.625687	1329.041600	1499.964198	2170.470312	2533.531920	3419.261190	3237.237590	2684.710883	2859.839170	2271.453456	1973.772422	1617.879784	2599.486491	3254.405452	2798.524110	1942.464594	2948.123829	3422.401718	3355.186112	3324.251357	3180.161904	3124.876367	2666.379457	2604.469961	2400.307111	2515.953803	2361.765748	1808.744963	2156.593685	2098.507161	2038.136110	1592.114636	1409.310107	342.179183	
3100.141424	2016.402078	3197.046484	2893.091369	2222.257954	2079.503403	2181.770608	1578.957006	2001.685388	2454.795629	1927.355392	1929.643264	2522.569619	2753.577524	1639.591807	741.772444	3387.720640	4245.590868	4382.079210	5277.115485	4533.233457	6798.866232	7331.471868	6501.759068	7901.297785	13734.952312	61941.243251	264910.878011	49251.272047	12633.599738	9904.992811	7660.406004	6366.947010	3350.932829	3589.674446	2804.075306	3263.614516	4332.230437	3172.785034	2916.470710	3918.304064	3631.629889	2420.539627	2150.649975	2487.773845	2261.012599	2827.253581	2582.728287	2167.324768	3383.330382	2941.647610	2237.994431	2907.573785	2649.424576	3011.168844	3008.842461	2358.840399	3168.575368	3971.494011	3214.304088	2189.137830	2286.196402	2215.920113	2187.027301	2310.050172	3152.035383	1808.785195	1407.394883	1891.859872	2164.140881	2752.449244	1713.715728	2987.584370	1299.988039	1436.293308	2229.511251	771.753308	
2501.295484	3803.104215	2415.099118	1716.184134	1511.977669	2649.903024	2731.003799	2589.659781	2064.852813	1205.548706	1476.066329	1760.040597	1604.998402	1927.734263	2204.868561	1416.007925	3112.004960	3624.129291	2978.182384	3397.975956	5793.279512	4751.720188	6372.654222	7750.733384	9696.736004	15008.674219	22605.077871	49251.272047	236611.067979	50539.968067	17720.895002	5895.516192	7375.240824	6442.747453	4535.257423	5702.558722	6151.118836	5614.297214	6000.407254	5910.587572	3602.432651	2859.247134	2264.036696	2253.954606	1342.074409	1800.853906	2501.111371	2526.937667	4280.637642	3458.281212	2937.226445	3390.857651	2529.670305	2128.755613	1598.314960	3022.752441	4650.263525	3374.279085	1752.040987	3180.970445	4213.409041	4067.023123	3953.775608	3842.858655	3582.916332	2639.810176	2833.259595	2717.603509	2665.406884	2767.692583	1916.735225	2764.122609	2149.427458	2275.009449	1622.848364	1320.033127	330.534605	
2319.785804	3143.990326	2288.078349	1976.079667	2135.466967	2385.916505	2313.743070	2149.550229	1859.391969	1409.035889	1475.838075	1658.243369	1440.110637	1843.690767	2038.078158	1393.924473	2854.620298	3251.269217	2898.566828	3055.596476	4254.637590	4217.896770	5115.797576	5908.097239	6747.641667	9037.065653	11363.299636	12633.599738	50539.968067	259586.493668	54693.175104	11062.205562	9588.835695	6787.597185	5874.169697	5893.593480	6282.561005	5679.445313	5528.909861	5032.140380	3769.140810	2711.432594	2103.723869	2028.263286	1500.332996	1696.125352	2508.062552	3059.745002	3697.634421	3448.176696	2979.827740	3165.788885	2585.393636	2194.441793	1813.813198	2803.980469	3713.881061	3195.894924	2214.342680	3253.257231	3613.598263	3582.858415	3548.353792	3384.746510	3164.438115	2921.699124	2831.231148	2640.991816	2823.166076	2666.689850	1998.913293	2323.589788	2083.236310	2043.924199	1656.375896	1551.826909	540.630934	
2555.233838	2266.755657	2432.027216	2153.178832	1883.490465	2214.293504	2085.351095	1745.074917	1984.115478	1772.498575	1623.425210	1798.667237	1885.856968	2296.645327	1991.652334	1113.805117	2957.723902	3528.641075	3373.382591	3809.531885	3945.997457	4324.868860	4736.414679	4581.615809	5071.899793	6105.405283	7756.061011	9904.992811	17720.895002	54693.175104	235562.074219	61793.027679	19650.393656	8166.642618	7053.698530	5950.976094	6164.740213	6588.271547	5171.321784	4446.513796	4254.471228	3876.303680	2889.424361	2585.258957	2218.599692	2407.021930	3170.021875	3007.184751	3028.403088	3366.671385	3109.202477	2858.156504	2997.821329	2741.709051	2528.818000	3124.432336	3231.722250	3442.079920	3006.212845	3413.170852	3147.764900	2882.285944	2893.985615	2762.582640	2777.025839	3052.794840	2564.539022	2155.346154	2477.894611	2715.644309	2615.617251	2280.012413	2699.392389	1885.135614	1884.371887	2169.143886	457.102713	
2300.717562	1149.020560	2325.605999	2450.440298	2004.147682	1534.355913	1609.236263	1221.275260	1847.882538	2396.210266	1903.686241	2014.222584	2577.021152	2672.836246	1521.952741	702.652513	2488.589653	3292.102511	3695.176829	4422.168430	3017.310438	4115.319000	3623.758996	2704.667674	2782.327698	2906.002473	4372.435617	7660.406004	5895.516192	11062.205562	61793.027679	272399.691918	69268.010435	8217.790116	7130.626052	4766.119887	4478.759705	6065.738776	3334.787726	2699.937320	4577.538183	5203.776131	3862.535779	3325.562231	3666.516672	3522.038888	3735.096253	2960.402688	1822.204367	2682.241959	2453.984371	1894.204946	2998.559948	3524.601577	3759.370402	2822.602382	1834.739570	2931.493180	3997.208282	2800.928139	1548.251579	1639.695889	1504.004861	1683.404416	1652.403603	2664.064027	1503.199330	1228.380564	1761.810950	1948.902280	3034.425418	1649.519867	2812.261072	1211.755191	1486.557714	2685.875249	723.796131	
2449.436162	2000.267700	2172.128961	2117.536114	1831.477622	2131.426283	2292.281710	2132.998003	2233.923051	1881.276370	1806.612739	1911.986631	2078.381600	2681.382000	2250.433828	998.931679	3333.070170	3920.724978	3680.003617	4086.463086	4466.270507	4383.735447	4426.219343	3956.082936	3990.252253	4240.586109	5160.686206	6366.947010	7375.240824	9588.835695	19650.393656	69268.010435	211715.040133	42745.618221	16389.866909	14666.636262	11326.018700	12636.921978	6365.527759	5193.724777	5674.242677	5727.610824	4425.214450	3914.779016	3051.084782	3312.478080	4043.317152	3479.999662	3175.254118	3289.468874	3008.935414	2954.778539	3677.801199	3572.756317	3186.574514	3320.173840	3025.120203	3919.571607	3231.239293	3345.254905	2532.014093	2464.100327	2447.974021	2341.165717	2305.740449	2816.585754	2485.983596	2089.607010	2521.651249	2938.434924	3231.841812	2911.442941	3152.526659	2312.604979	2436.088061	2719.483299	591.423469	
1911.436000	2859.037175	1460.531969	1091.591026	1277.031035	1973.436283	2304.165673	2604.149531	1707.275458	860.725499	1097.098942	1166.994303	981.293455	1669.160502	2906.779038	2404.004658	2704.438353	2735.551316	2089.671697	2026.656158	3723.653391	2804.925932	3338.634586	4609.464009	4685.668334	4808.848112	4242.677317	3350.932829	6442.747453	6787.597185	8166.642618	8217.790116	42745.618221	211114.414201	77871.952467	49230.039315	20143.670519	15116.102932	7858.393296	6316.617791	3846.820099	3389.189279	3028.356983	2791.598473	1424.136093	1960.069629	2703.073485	2914.837881	4234.515218	2853.315999	2442.592527	3300.379824	2556.019822	2113.634173	1552.122864	2371.123453	3119.321785	3016.134124	1400.719041	2478.964831	3001.082228	2877.944676	2542.736915	2380.935785	2163.469130	1857.941493	3187.610482	3425.450082	2832.264890	3002.505190	1959.407902	3207.696396	2340.672752	3918.348353	3745.851331	1824.092891	365.229432	
1843.440489	2321.858636	1522.175791	1468.649794	1928.225499	1778.011187	1922.240102	2074.891350	1440.694928	1126.171236	1045.364738	1092.054993	998.067137	1662.237571	2438.958369	1744.627483	2838.058447	2460.230308	2119.855594	2070.719798	2592.130745	2641.801718	2997.163534	3888.832310	4074.834840	3825.267354	3904.742427	3589.674446	4535.257423	5874.169697	7053.698530	7130.626052	16389.866909	77871.952467	255501.736027	57168.463243	18200.264278	12877.111568	6212.137860	4857.388755	3836.244406	3170.542863	2450.227155	2001.574822	1579.310200	1783.906350	2610.113942	3408.213373	3347.508463	2839.125864	2546.385570	2732.721137	2337.012252	1968.592128	1748.805317	2105.219083	2450.946831	2663.943847	2062.489600	2303.856275	2522.055369	2594.131306	2172.888778	2018.699048	2118.879051	2357.820063	2963.528751	3216.648114	2872.738449	2447.708368	1937.462533	2138.090481	2319.268864	2982.950118	3112.611183	2238.939776	492.798628	
1550.258219	3017.351846	1304.019233	1052.266239	1329.287106	1790.362563	1735.853059	2482.697603	1339.835049	704.295985	877.919290	1004.702858	838.166598	1322.082837	2525.316090	2151.217239	2184.513809	2106.635277	1735.412471	1619.027439	2999.828545	2279.502258	2916.847343	4666.919052	5337.614230	5768.225926	4327.928879	2804.075306	5702.558722	5893.593480	5950.976094	4766.119887	14666.636262	49230.039315	57168.463243	229904.930503	55032.656287	22247.617632	10333.809994	7536.469168	3758.024881	2991.160440	2425.549401	2173.376338	1271.940181	1571.199176	2315.695919	2938.775283	4541.228918	3008.341058	2525.051538	3383.600116	2331.262387	1819.861175	1298.244532	2250.429008	3418.685751	2569.619850	1301.777607	2205.198947	3250.185731	3598.999575	3223.520307	2800.293364	2506.542203	2041.412825	3457.885046	3782.515427	3221.974756	2742.927067	1568.205779	2760.398954	1861.784686	3576.078308	2944.364223	1536.696357	358.789787	
1715.862575	2983.094305	1599.567618	1268.142451	1284.773412	1906.459421	1895.661579	2285.821374	1434.144962	825.460204	967.908569	1082.209421	925.299824	1265.270175	1981.548020	1480.318447	2205.857103	2438.719912	2015.301764	1917.745762	3227.903484	2551.722251	3158.919233	4639.042003	5131.562630	5601.452430	4885.121835	3263.614516	6151.118836	6282.561005	6164.740213	4478.759705	11326.018700	20143.670519	18200.264278	55032.656287	240920.855339	54287.063833	18032.160631	11591.082730	5556.971644	3933.394824	3077.028470	2583.956207	1564.803742	1946.034931	2800.013803	3039.909365	5187.440007	3627.460981	3166.780559	3828.139218	2713.585818	2081.636332	1533.977226	2752.781300	4010.321801	3096.229828	1598.674398	2865.562430	4046.186225	3999.512701	3842.628846	3644.287225	3261.510408	2480.074094	3354.305291	3375.342219	3121.568583	3010.725694	1820.290176	2944.339045	2118.615925	2989.412598	2150.963479	1421.332642	442.299421	
2130.007241	2289.792219	1977.895791	1784.163966	1667.301264	1845.366657	1880.942839	1772.104124	1714.876661	1122.663723	1242.619145	1452.486300	1305.774568	1710.038672	1846.456432	929.854462	2437.856197	2886.909566	2695.098506	2671.390148	3576.708540	3200.710868	3602.122528	3703.641023	3653.032809	4157.832426	4557.793111	4332.230437	5614.297214	5679.445313	6588.271547	6065.738776	12636.921978	15116.102932	12877.111568	22247.617632	54287.063833	203876.103343	62113.059124	20669.909326	12014.265317	8101.817420	4439.688881	3701.889206	2666.746980	2965.912071	3943.741453	3894.334760	4758.955469	4488.267487	3780.904832	3783.262179	3406.001475	2899.047280	2552.501584	3437.942069	3885.390643	3748.980091	2930.937960	3607.356655	3507.720420	3301.088220	3324.486479	3205.773046	3162.258624	3134.034575	2986.986849	2435.736356	2848.993432	3111.769764	2814.056444	2862.499563	3076.874293	2475.629649	1914.831717	1959.296394	488.369741	
1777.180237	2818.118113	1746.176170	1226.981525	1141.289596	1911.274213	1865.480961	1876.922277	1457.946625	768.333175	1038.329737	1186.877037	1034.478004	1299.802925	1684.884842	952.602253	2201.873555	2544.180182	2055.845354	2135.042845	3648.095676	2765.691405	3331.535812	4219.575416	4265.660272	4836.666133	4583.938045	3172.785034	6000.407254	5528.909861	5171.321784	3334.787726	6365.527759	7858.393296	6212.137860	10333.809994	18032.160631	62113.059124	247392.930342	46301.448351	14142.822411	8738.376148	4602.647562	3952.133721	2038.416165	2704.998780	3630.547153	3778.401532	6398.933218	4693.186638	3857.931024	4315.391908	3155.488288	2439.155884	1783.862687	3212.149143	5079.716404	3555.063375	1809.980754	3309.304800	4738.475235	4458.186590	4569.829213	4408.592224	3994.606429	3021.460397	3482.701811	3154.623358	3178.960429	3282.076510	2084.998933	3260.870842	2320.305123	2736.042242	1821.122211	1260.213404	373.570123	
1668.269523	2777.257454	1520.553394	1099.174877	990.991057	1888.036552	1844.484074	2046.539501	1506.731479	675.117855	991.618273	1300.189311	952.624670	1240.011057	1723.905160	1120.275359	2157.865188	2420.298639	2012.627698	2019.697204	3872.233227	2700.400798	3296.935781	3997.111307	4243.844176	4859.413969	4100.607283	2916.470710	5910.587572	5032.140380	4446.513796	2699.937320	5193.724777	6316.617791	4857.388755	7536.469168	11591.082730	20669.909326	46301.448351	232422.600719	66754.658960	19869.337836	6874.235400	5315.730149	2427.660911	3160.398082	4072.762234	4222.934091	7540.833824	5133.968677	3993.485095	4604.306853	3266.827076	2540.723365	1853.127432	3511.245903	5349.634785	3820.105327	1626.989386	3483.889534	4939.471342	4689.923778	4747.092873	4523.532522	4017.867241	2852.807312	3612.513212	3375.071897	3148.265238	3365.460618	2153.739829	3361.023301	2165.720210	2767.737906	1855.986103	1307.526459	309.320234	
1867.939273	1387.211063	1860.436152	1858.193030	1532.751433	1597.452661	1685.523561	1441.986698	1574.413473	1479.405115	1470.526536	1572.971430	1582.135740	1799.585957	1132.977064	543.789415	2000.615559	2700.590223	2787.500146	3370.537715	3164.445114	3360.745486	3297.518595	2362.380045	2257.615334	2474.284670	3142.667236	3918.304064	3602.432651	3769.140810	4254.471228	4577.538183	5674.242677	3846.820099	3836.244406	3758.024881	5556.971644	12014.265317	14142.822411	66754.658960	275323.371666	36795.266653	9891.837292	7114.303433	5274.662839	5029.954549	5903.045394	4571.005497	4192.705860	4643.307375	4005.524253	3346.909440	3950.852281	3745.007434	3669.086444	3942.093008	3381.403959	4100.008182	3985.462477	3693.371351	2770.687659	2691.137680	2651.446641	2675.867479	2735.376196	3296.148434	2203.314341	1664.744071	2204.636480	2629.588309	3255.176971	2299.769113	3035.793042	1630.467423	1572.930901	2082.637047	566.638638	
2184.108436	1286.444195	2034.585969	2264.028233	1666.325208	1765.838140	1754.811069	1548.115545	2035.639480	2121.968218	2111.805728	2207.784751	2552.390521	2497.741163	1290.922730	578.118155	2303.296619	3252.474081	3410.069207	4061.196349	3208.196105	3303.062901	2788.745050	1907.315033	1775.318527	1830.089208	2343.106665	3631.629889	2859.247134	2711.432594	3876.303680	5203.776131	5727.610824	3389.189279	3170.542863	2991.160440	3933.394824	8101.817420	8738.376148	19869.337836	36795.266653	246990.470088	67667.882382	19889.493673	11235.037085	10367.199865	9083.274393	4910.983092	3899.495740	4309.102725	3799.195442	3174.901795	4635.568918	5015.535611	4747.377746	3927.009390	2722.778793	3900.497115	4635.654168	3520.988525	2019.766015	2031.099148	2044.268813	2041.311461	2171.897952	2770.677435	1822.439327	1368.064391	1818.030799	2632.383150	3652.804271	2649.466428	3638.279374	1682.844840	1937.643800	2971.736035	769.969948	
1800.185113	1321.574042	1549.905276	1936.728097	1572.462769	2058.308663	1852.603987	1916.556724	2175.724678	2066.899165	2459.483792	2678.939604	2678.522983	2254.884289	1250.234346	527.164019	2100.071115	3015.057380	3013.420797	3419.196448	3367.358446	2721.011974	2106.803045	1691.642945	1506.951938	1530.673065	1767.276248	2420.539627	2264.036696	2103.723869	2889.424361	3862.535779	4425.214450	3028.356983	2450.227155	2425.549401	3077.028470	4439.688881	4602.647562	6874.235400	9891.837292	67667.882382	248169.296573	75449.300509	17197.764346	16540.492356	11507.677742	4736.261681	4183.254504	3672.223552	3266.113524	3144.899778	4465.472667	5042.295405	4143.079695	3563.785041	2724.059867	3363.866127	3334.391964	2625.254811	1748.541542	1589.081193	1485.880146	1599.651360	1487.022115	1913.099448	1520.369011	1269.635253	1472.794217	2059.408657	2926.061828	2690.193426	2855.172918	1911.095076	1831.410541	2601.486196	684.629719	
