566508.854887	25728.083098	6243.732938	3271.262077	1490.000589	1741.366488	4934.186524	9172.695443	7565.448862	7885.174430	4300.578977	3298.798155	981.354739	1762.597019	2095.568495	1448.762487	499.768534	1265.712328	3124.031684	3985.838450	1426.667971	1331.277786	2034.242695	1431.878767	2313.030419	2666.667001	1147.636142	1582.900122	1478.227006	1506.841861	1367.290637	314.079935	289.886321	681.619779	441.445238	407.640933	258.655272	698.936557	742.419854	647.712329	412.532535	587.984293	393.329383	670.144081	1040.601375	176.055826	189.038628	363.261027	306.606558	118.488321	172.497202	222.403679	184.349317	201.626442	195.453539	113.862148	120.238129	171.130788	138.726637	412.435717	730.941667	822.708275	348.503099	573.134286	761.949071	890.549111	1377.928447	1230.162476	1251.386380	642.172586	268.692764	309.592754	218.958181	214.017145	116.853017	346.601916	346.874083	313.695789	775.661735	1020.586801	1112.669364	270.537893	863.870629	205.962749	126.710968	309.477237	153.194987	121.316871	156.797326	
25728.083098	354979.266594	93763.879405	15208.870553	8813.606299	11467.433780	13608.104116	9230.178413	7403.270567	6668.135657	6232.118468	6523.860821	5489.116015	4919.417711	4263.664687	4469.462287	3600.798111	4592.978319	4951.855617	4664.784306	4685.006977	3324.042836	2916.763266	2879.350582	2969.828731	3047.391063	4162.588812	3206.399740	2597.931672	2635.215374	2963.936951	2260.478046	1805.066334	2045.138716	2043.693597	1866.035448	1703.685196	1829.670400	2029.760628	2226.096539	1632.163206	1740.508673	1477.330285	1554.457970	1764.665732	1094.508559	947.732227	1017.380158	1041.614350	598.728440	625.738161	708.903217	538.534548	581.081889	557.424131	547.754065	569.452795	649.372430	917.202858	1403.098370	1449.434839	1452.693785	1856.701367	1432.108753	1175.007886	1149.019399	1168.653329	1216.952248	1268.078332	1386.550350	1052.886870	963.375731	884.612661	720.875133	811.608947	960.567463	941.560593	1052.421686	1499.500261	1280.331999	1343.126921	1445.852972	1326.010049	1076.752321	714.530725	758.119191	659.802844	485.114265	868.265912	
6243.732938	93763.879405	335190.628965	50809.877938	19535.125731	18263.257344	12047.909736	4288.171095	3386.705133	2785.380987	3746.364865	4204.133147	7111.236649	4743.254209	3163.664394	4463.551172	5590.243193	5121.467363	3085.440881	2298.108583	4490.361613	2401.756445	1716.460673	1860.808912	1533.597124	1556.482945	3581.584669	2169.429326	1783.081449	1700.731564	2132.419711	3547.623260	2579.832868	2391.907889	2542.792344	2224.412797	2907.989850	2119.104831	2258.210274	2662.115327	2073.054055	1694.831932	1674.114236	1652.715308	1464.632176	1952.920990	1650.491541	1136.451428	1185.063677	1044.925491	1073.825523	1126.741183	996.191629	785.355995	1128.210340	1179.731954	1220.734770	1213.362130	1758.062142	1874.760654	1220.969929	982.709270	1823.587905	991.164878	749.819468	640.017998	629.444775	665.437412	688.666690	1400.657425	1373.389973	1387.864118	1589.205344	1207.487118	1388.849501	1279.369261	1496.531537	1647.381242	1458.807298	849.022815	1146.162981	2137.118458	1194.309401	1918.384613	1434.336486	1239.839926	1278.627442	1010.452774	1426.514277	
3271.262077	15208.870553	50809.877938	322314.958718	90054.577015	21470.333963	15594.064053	5991.598702	4473.667015	3677.934175	4632.461874	5260.724827	4836.347686	5027.504983	4464.254213	4935.492491	3812.451913	4863.530797	3754.411570	2816.615675	3632.412581	2770.680184	2421.783421	2211.067188	1951.817941	2043.128570	3019.137052	2855.342480	2556.679700	2399.260050	2910.074660	2225.415684	3030.912681	2921.218703	2580.204188	2745.264692	2247.361598	2597.982370	2852.524881	2505.083479	2100.664194	2278.911269	1854.069432	1786.521650	1943.997234	1393.714867	1670.459138	1747.306901	1250.329285	1094.190643	1199.751641	1528.427724	1014.040488	1118.510331	1037.440722	1233.617494	1085.206353	1658.159067	1809.083361	2124.665620	1837.923445	1526.961929	1713.165090	1404.125923	1130.739670	971.779647	879.023771	1001.361188	1008.862423	1620.223121	1511.947814	1523.936363	1609.910302	1551.023810	1389.652604	1866.867778	1856.090382	1814.092440	1387.127387	1094.411714	1301.159916	2024.042948	1837.479973	1496.299005	1078.667434	1558.315591	1234.023707	1141.588044	1096.961126	
1490.000589	8813.606299	19535.125731	90054.577015	363893.736455	71043.313577	10925.414490	3263.023008	2378.141845	1893.686201	2262.185104	2495.317861	5025.817630	3210.874878	2146.400569	3138.209728	5057.827199	3152.753696	1735.002117	1307.774892	2638.455778	1502.904419	1125.316262	1159.550547	906.450227	860.972762	2102.534405	1326.006068	1147.473844	1052.307288	1342.433516	3388.565866	2334.797401	1971.527587	2086.934449	1815.413982	2692.571925	1556.915285	1527.864407	1764.877114	1728.724592	1355.493036	1383.638838	1219.651948	1013.250036	2028.200401	1874.991931	1187.559013	1244.134139	1448.081599	1450.131826	1466.553562	1315.672324	1003.849552	1446.925076	1831.626472	1912.199095	1759.130390	2190.265623	1603.571448	831.621210	575.698456	1205.684974	641.641332	554.581529	449.410618	359.641614	451.058263	419.816409	899.593911	1211.060934	1365.977754	1885.996511	1600.140650	1698.737994	1429.390813	1476.768534	1534.892081	1032.542400	601.573248	763.668291	1975.985239	930.353418	2087.576297	2107.740419	1751.518157	1924.775282	1410.444284	1376.947401	
1741.366488	11467.433780	18263.257344	21470.333963	71043.313577	370357.710490	42193.009786	6125.513927	4086.863363	3223.514758	4095.499154	4280.911733	7128.618735	4651.121271	2951.727251	4261.359604	5880.107512	4494.406122	2563.324506	1877.752706	3808.704110	2153.112493	1557.774118	1609.180440	1366.923485	1313.384747	2970.597152	1859.365641	1512.750702	1405.385151	1822.214117	3347.258696	2537.457938	2316.982896	2327.309853	2095.658919	2751.361245	1964.857974	1900.229765	2168.280167	1938.258787	1698.093733	1702.338332	1466.566619	1225.941425	1903.658981	1741.914089	1259.649983	1287.331297	1212.072616	1252.357269	1371.425369	1183.569473	966.197429	1123.997285	1469.616953	1483.730378	1527.388396	2026.414287	1797.091990	1170.128186	945.929068	1586.991787	833.312407	704.892287	647.514470	530.772305	648.288775	535.779127	1245.613180	1453.550845	1527.030888	1936.702550	1488.257372	1588.669197	1455.126076	1531.505636	1603.532952	1262.261197	780.662598	1041.187746	2115.768901	1220.179183	2042.119039	1732.540750	1679.923513	1745.551066	1194.043293	1313.749929	
4934.186524	13608.104116	12047.909736	15594.064053	10925.414490	42193.009786	309338.081955	46753.616886	22356.836238	16140.804974	15966.581664	12762.733838	7499.031165	7603.384090	6641.180933	6702.869089	3666.899014	6359.324344	7103.997754	6002.779214	5258.331079	4506.299041	3932.282322	3665.608878	3513.791042	3963.964039	4538.547834	3731.296313	3484.617834	3325.040484	3810.681199	1994.793053	2220.555803	2529.482499	2107.564094	2397.435951	1674.045949	2408.834157	2539.421757	2488.600425	2100.526303	2183.374917	1841.205602	1995.965884	2359.865715	1076.289549	1153.917416	1405.713409	1108.621109	631.851092	677.796641	806.932121	611.018946	741.891352	543.451917	502.221462	464.059991	770.680747	988.128400	1801.868215	2105.681641	2068.868064	2154.048604	1922.535616	1716.125739	1578.776725	1619.505507	1737.827317	1868.683031	2113.580809	1417.254619	1303.467074	1009.748504	809.843370	839.160774	1152.361312	1164.852331	1273.450772	1664.827507	1581.908277	1740.165389	1424.151168	1775.018075	973.012154	563.704857	797.470947	539.729096	526.081161	645.911488	
9172.695443	9230.178413	4288.171095	5991.598702	3263.023008	6125.513927	46753.616886	297261.213819	84904.953278	45218.121219	23648.934492	14140.591289	3552.013518	5256.150919	6836.100663	4639.737088	1624.444249	3693.223881	8675.058400	9801.550533	3695.765152	3695.508011	5268.829023	4588.013664	5663.326241	6717.866398	3311.543399	4065.431216	3779.990538	4272.489631	3570.843958	673.231141	1164.956871	1281.434207	1260.515168	1581.774972	618.344340	1478.084471	1689.934188	1684.255803	1033.847898	1432.485313	915.314097	1485.769200	2098.252252	348.800402	435.804261	889.424406	618.759398	263.602575	284.946516	399.683049	249.367273	473.635925	220.002334	218.894832	181.804231	322.561702	399.635463	1065.986379	1842.365580	2190.742856	1124.381200	1934.257349	2220.763505	2636.344293	2775.439899	2541.875387	2946.870560	1602.518039	738.753705	696.249555	424.091304	410.942815	288.099178	628.795822	559.368515	511.269802	1152.011563	1951.357885	1728.596059	587.385837	1523.330091	340.383177	165.964515	381.330177	206.554526	201.545183	355.948102	
7565.448862	7403.270567	3386.705133	4473.667015	2378.141845	4086.863363	22356.836238	84904.953278	284632.126151	86984.150039	29283.741427	15918.627058	3827.477096	5277.312915	6901.948479	4498.185706	1622.656245	3523.230066	8828.492877	9520.903886	3362.175559	3825.878259	5352.809858	4688.946894	5959.218885	6939.033580	3179.478066	4034.135331	3847.480668	4067.644708	3334.930340	673.207690	1100.353653	1294.454412	1175.071470	1413.324751	561.687359	1351.743706	1634.498859	1485.827046	952.443715	1311.137916	1018.500298	1283.184281	1971.417393	390.422316	492.713683	840.336445	616.896270	261.025925	259.356798	388.312344	279.472761	393.426310	229.057379	223.462682	170.016447	308.109339	312.299425	919.147412	1698.549706	2113.732301	1159.050876	1872.340876	2278.471143	2659.553720	2724.919109	2651.233340	2822.942454	1517.098824	702.046358	663.589742	363.949530	374.163027	320.881266	584.743498	531.889709	489.553507	955.064690	1917.684366	1391.926961	475.729066	1262.786216	334.282388	157.097480	334.355594	163.509489	153.828231	192.792235	
7885.174430	6668.135657	2785.380987	3677.934175	1893.686201	3223.514758	16140.804974	45218.121219	86984.150039	300496.472283	49907.662978	21641.488001	4621.517940	6284.561261	7920.208125	5106.742573	1716.037172	3717.391218	9491.655024	10531.062987	3612.569977	3856.579141	5586.790286	4965.186621	6273.266169	7148.791948	3153.856188	4011.621159	3849.907596	4137.232650	3523.440394	631.378557	1081.151726	1139.847908	1096.461836	1408.651420	588.594921	1350.168004	1592.836899	1515.485258	991.586041	1322.949550	904.074706	1387.681217	2018.550271	362.115714	416.404178	865.218697	608.942872	259.517718	257.654624	397.606296	216.604289	402.039612	217.304531	153.370496	164.426785	318.010321	344.308672	910.609613	1782.996513	2070.325923	1130.104710	1923.827684	2202.543701	2826.381092	3007.049667	2752.284327	2919.458279	1399.141353	706.837590	607.008569	388.146623	432.759704	291.013536	541.731453	464.129308	488.272165	989.796637	1897.259525	1434.281822	424.634882	1207.346037	307.760721	169.052149	294.488287	168.902280	131.507662	231.605465	
4300.578977	6232.118468	3746.364865	4632.461874	2262.185104	4095.499154	15966.581664	23648.934492	29283.741427	49907.662978	277819.854940	90629.406590	13161.752435	11141.942705	11819.277543	7890.271446	2770.726139	5909.025156	9947.476802	9507.161089	4927.208080	4635.763428	5548.069459	4690.286160	5144.751931	5711.323469	4004.804945	4486.563104	4389.309501	4267.372176	4000.050531	1059.766667	1434.851305	1648.244781	1568.835476	1847.164502	956.975241	1783.979427	2043.469452	1915.526434	1354.898618	1840.660348	1353.827635	1888.409242	2317.702211	628.876231	790.215929	1189.870738	998.267463	410.300754	402.411549	555.906954	381.118259	561.665473	356.444723	289.822134	241.996030	492.035165	529.295070	1223.377797	1794.916749	2204.803952	1650.153999	2155.803228	2128.824356	2196.341668	2337.300350	2237.652503	2212.059155	1682.257946	934.693857	860.410050	551.656733	530.195057	460.096037	693.900968	693.382379	602.301889	1076.573684	1512.986321	1318.969447	678.695978	1182.186678	433.354564	232.750725	393.591260	271.524626	221.909554	351.406169	
3298.798155	6523.860821	4204.133147	5260.724827	2495.317861	4280.911733	12762.733838	14140.591289	15918.627058	21641.488001	90629.406590	283757.880688	33759.987430	18421.153797	15113.053362	10893.744933	3821.577685	7820.110798	10334.742227	8665.346325	5677.416180	4974.634387	5271.455196	4734.303097	4880.433081	5075.053516	4755.355557	4669.366218	4580.145448	4238.595716	4339.744965	1506.792823	1877.520938	2116.980951	2042.672520	2181.322879	1215.287941	2026.295158	2492.720802	2275.145921	1747.615828	2076.494363	1751.714820	2086.993705	2472.520720	820.000024	926.853757	1334.561567	1039.911799	470.677742	478.736033	675.657394	504.529875	659.230266	433.374041	373.088100	352.463875	569.038513	672.784335	1510.884907	2127.315069	2423.534167	2056.977085	2246.836907	2067.248709	2075.995059	1988.470556	2008.043794	2148.128840	1965.345204	1180.162393	1032.682946	637.190153	669.472579	574.145121	864.921444	853.508408	800.798775	1298.804549	1466.117523	1411.557595	850.832260	1347.726931	566.020756	332.395013	482.099462	339.143681	268.992737	428.107701	
981.354739	5489.116015	7111.236649	4836.347686	5025.817630	7128.618735	7499.031165	3552.013518	3827.477096	4621.517940	13161.752435	33759.987430	336134.781266	65394.879642	15339.244211	16127.854501	17317.294114	11306.013529	4786.161607	3309.978586	6889.448461	3551.408147	2362.697032	2835.079884	2221.937232	1998.137307	5577.687587	3107.790767	2293.211281	2120.142306	2556.803971	5257.552230	3140.305132	2661.686312	3086.784962	2406.122938	3710.842309	2295.509658	2232.866632	3110.788751	2741.077162	2223.530139	2485.820634	2099.962224	1879.170572	3021.117290	2062.707708	1531.428125	2152.254464	1512.648515	1250.482421	1113.703052	1273.595424	993.400879	1352.575659	1236.187528	1337.259828	1435.051559	1819.194296	2095.234619	1505.374419	1220.673545	2524.370775	1229.197760	991.687317	875.381620	815.353338	865.186881	786.108892	1503.169996	1884.020257	1731.100644	1897.353915	1318.960216	1564.735034	1114.483983	1333.792970	1279.956026	1263.208451	683.834405	964.150510	1781.230557	821.990048	1669.297705	1393.582169	898.100847	812.910921	687.659989	984.583692	
1762.597019	4919.417711	4743.254209	5027.504983	3210.874878	4651.121271	7603.384090	5256.150919	5277.312915	6284.561261	11141.942705	18421.153797	65394.879642	300487.240475	54758.495560	34415.713044	11417.417104	12637.477068	8384.912532	5708.785815	5950.261329	4122.810856	3593.736023	3645.008460	3103.849085	3144.277573	4386.242231	3884.581103	3152.637453	3046.826900	3616.376375	2653.415494	2610.451092	2569.231724	2521.547060	2521.019339	2041.132053	2217.214980	2405.467471	2390.425540	2198.422614	2244.897055	2092.618399	2179.685226	2351.883506	1470.145292	1601.724616	1881.818316	1835.653091	992.635378	882.361127	1054.752654	870.267905	989.575586	797.891029	776.393001	704.862177	1095.112894	1373.893866	2136.979996	2142.137913	1875.556679	2373.094057	1842.803203	1549.642349	1510.456492	1336.303906	1474.763453	1447.964843	1949.719802	1567.399767	1411.287422	1163.825882	1073.549816	1084.809214	1203.384663	1128.240852	1116.816156	1363.015807	1050.326404	1095.196786	1307.369532	1224.717738	1014.381957	702.539843	736.693509	550.714975	513.702688	722.440177	
2095.568495	4263.664687	3163.664394	4464.254213	2146.400569	2951.727251	6641.180933	6836.100663	6901.948479	7920.208125	11819.277543	15113.053362	15339.244211	54758.495560	291464.268283	93998.755842	9516.186851	12932.640018	13444.105147	8991.549594	5088.986456	4387.460825	4848.712950	3991.868782	3932.561323	4342.602355	3831.605464	4407.683834	4380.478927	4078.352919	4227.339535	1480.701895	2092.868306	2134.761484	1953.466237	2346.442858	1344.821269	2130.577041	2542.083457	2285.075778	1643.234707	2031.803392	1520.603396	2196.756202	2693.210283	949.022731	1141.102004	1713.240975	1107.335957	580.991825	655.433579	874.508774	541.612460	756.860185	539.757817	551.732418	441.003452	837.396531	946.728444	1908.944320	2413.613912	2366.610689	1847.608244	2159.999619	2099.664282	1978.430352	1859.612671	1903.525771	2074.063438	2027.844291	1226.195675	1138.584450	807.650189	812.786607	699.082291	1049.551317	1058.892028	930.334640	1195.129777	1437.818475	1414.346925	956.734087	1506.833177	711.286688	392.406624	632.105684	395.353357	359.336040	467.712320	
1448.762487	4469.462287	4463.551172	4935.492491	3138.209728	4261.359604	6702.869089	4639.737088	4498.185706	5106.742573	7890.271446	10893.744933	16127.854501	34415.713044	93998.755842	284873.734842	33189.176911	21399.398397	12121.138107	7203.176971	6359.037299	4503.771502	3968.804206	3652.364487	3176.553087	3388.116034	4499.427289	3839.488260	3314.504585	3220.152336	3702.708315	2600.823995	2737.413798	2614.735698	2555.563704	2598.680626	2127.924209	2490.771398	2681.160108	2669.702390	2325.397026	2328.206799	2069.672469	2254.687346	2598.261350	1557.269753	1698.928510	1779.802199	1574.591628	949.110111	1012.315683	1041.308758	921.563665	984.495454	847.514639	786.731220	727.005052	1131.528966	1352.127601	2149.358014	2260.092670	2048.872057	2248.447785	1780.665784	1575.053435	1494.835963	1454.701949	1467.890474	1548.943388	1927.960211	1599.086107	1526.687019	1303.630247	1096.502374	1092.264530	1262.941264	1285.037612	1298.463386	1405.226437	1218.696833	1325.586854	1434.848967	1475.782515	1020.211358	761.231107	833.474336	583.045023	581.884821	664.159927	
499.768534	3600.798111	5590.243193	3812.451913	5057.827199	5880.107512	3666.899014	1624.444249	1622.656245	1716.037172	2770.726139	3821.577685	17317.294114	11417.417104	9516.186851	33189.176911	367061.211509	72202.616337	7743.534277	3742.503386	7141.376876	3344.144218	2180.220936	2347.812988	1882.198680	1592.643224	4906.727421	2332.800354	1835.017633	1728.862956	1992.345753	6424.090106	3429.344252	2689.882790	3102.067444	2349.331273	4444.553329	2096.950421	2000.287634	3134.208332	2813.530987	2015.354431	2426.332017	2001.156028	1742.901719	3626.586738	2451.553125	1647.306101	2147.077954	2026.558580	1821.386331	1396.705566	1671.450912	1225.642760	1881.221037	1974.915914	2127.221800	1819.497282	2441.613803	2263.153491	1226.448775	935.708627	2076.031420	1014.430157	823.267424	620.878294	620.034030	678.467058	669.145837	1179.631657	1874.697689	1975.145634	2450.259928	1754.147619	2018.639588	1252.913682	1402.200009	1457.289199	1166.430254	599.670123	810.676930	1940.445623	697.408574	2166.614119	2048.390629	1162.163094	1118.724443	918.611055	1157.156151	
1265.712328	4592.978319	5121.467363	4863.530797	3152.753696	4494.406122	6359.324344	3693.223881	3523.230066	3717.391218	5909.025156	7820.110798	11306.013529	12637.477068	12932.640018	21399.398397	72202.616337	277679.792299	57860.965316	12591.408045	12039.913932	6754.122083	5285.769272	4656.749349	3700.263673	3999.956980	6787.553132	4628.705627	3879.411246	3522.086415	4456.869894	3644.018103	3415.617114	3218.048458	3066.033988	2982.801650	2806.565830	2893.657601	3107.908875	3190.778571	2898.745064	2955.211188	2759.386637	2753.267875	2899.078353	2196.308944	1968.950816	2024.784811	1934.167575	1163.838976	1112.761249	1224.199566	1021.322185	991.376077	957.214463	941.564750	886.599085	1277.379999	1627.858272	2500.091069	2411.058721	2105.194342	2963.792066	2196.625019	1786.949274	1628.782780	1490.865036	1597.438931	1537.008153	2484.117457	2166.655329	1863.939089	1560.662446	1307.391923	1318.653197	1291.851353	1431.416911	1463.058107	1596.078508	1074.597317	1379.597171	1773.346118	1438.846824	1279.463750	913.351323	781.675516	652.512567	596.229462	799.573386	
3124.031684	4951.855617	3085.440881	3754.411570	1735.002117	2563.324506	7103.997754	8675.058400	8828.492877	9491.655024	9947.476802	10334.742227	4786.161607	8384.912532	13444.105147	12121.138107	7743.534277	57860.965316	264405.881379	67023.140469	18840.173763	10525.296406	11301.600288	8567.208300	8567.631516	9769.597180	7414.105328	6417.467627	5724.465565	5829.816148	5822.122242	1689.083343	2142.146408	2366.745253	2151.462439	2654.211621	1301.245519	2577.864223	3052.615420	2771.018329	1998.977384	2540.816659	1955.471783	2571.500578	3494.895082	837.192261	1055.547884	1614.539223	1129.414852	507.377365	589.907582	764.440725	510.334445	694.927828	448.795921	398.447831	331.058573	648.003947	728.380960	2015.088782	2961.653943	3209.342034	2290.277984	3096.954556	2915.331876	3028.544001	3012.493538	3087.733021	3286.260835	2592.180210	1417.993630	1207.966914	786.830572	723.389663	598.336914	1039.449199	1019.380549	980.729985	1728.810872	2224.101395	2007.028783	1020.214770	1819.795150	623.628741	303.057487	495.999391	303.234752	280.434572	397.660253	
3985.838450	4664.784306	2298.108583	2816.615675	1307.774892	1877.752706	6002.779214	9801.550533	9520.903886	10531.062987	9507.161089	8665.346325	3309.978586	5708.785815	8991.549594	7203.176971	3742.503386	12591.408045	67023.140469	276756.018477	51374.081442	16713.950152	18072.567561	12099.020640	12338.087994	13757.796859	8630.757900	7050.874582	6086.141705	6029.348259	5822.890517	1372.744168	1925.697363	2183.262765	1962.586164	2416.229646	1172.546703	2383.505484	2660.064483	2589.908320	1700.449001	2408.918605	1734.930929	2422.485760	3330.887709	649.749056	802.194226	1436.418755	1003.713840	347.160263	458.887712	688.301221	372.678903	641.347930	381.488589	307.713492	277.399680	476.092218	586.276973	1497.129316	2784.895496	3254.091687	1934.911800	3047.072256	3023.613118	3369.403909	3527.808398	3431.971123	3849.171584	2455.919431	1151.900340	1018.427347	661.589127	677.036985	543.280098	873.954800	838.551508	780.029137	1486.232035	2311.923946	2064.115538	819.804325	1802.666671	463.971919	244.537172	467.104076	231.815062	241.443679	315.372373	
1426.667971	4685.006977	4490.361613	3632.412581	2638.455778	3808.704110	5258.331079	3695.765152	3362.175559	3612.569977	4927.208080	5677.416180	6889.448461	5950.261329	5088.986456	6359.037299	7141.376876	12039.913932	18840.173763	51374.081442	263795.447533	57916.750665	25985.433685	19248.440000	11975.891178	11506.627863	22358.881628	7554.910886	4801.774705	4340.842096	5051.166264	4624.605645	3247.285129	3210.831397	3581.898336	3025.854109	2893.368009	2971.325162	3336.648001	3749.547166	3074.026406	3058.382664	2805.284231	2798.680074	2930.128278	2204.914170	1629.856598	1734.629741	1829.672917	967.297596	843.425013	932.861522	938.159346	858.786997	806.762470	768.723701	807.702110	935.169811	1256.236459	2035.425940	2073.145426	2157.891817	3091.823830	2192.953535	1880.117188	1765.375803	1667.334175	1705.011697	1903.288613	2326.499049	1964.199206	1718.860471	1500.526143	1173.094364	1249.865963	1218.299398	1255.543441	1265.576914	1584.728228	1187.244671	1364.796294	1434.117212	1185.506573	1116.729773	733.808030	625.095346	531.730780	438.095498	541.870755	
1331.277786	3324.042836	2401.756445	2770.680184	1502.904419	2153.112493	4506.299041	3695.508011	3825.878259	3856.579141	4635.763428	4974.634387	3551.408147	4122.810856	4387.460825	4503.771502	3344.144218	6754.122083	10525.296406	16713.950152	57916.750665	273430.509211	78907.560963	33729.759676	19475.733914	18574.375329	20389.453313	7360.194407	5328.675601	4707.224127	5239.426556	2526.614870	2416.323177	2527.549445	2631.310982	2578.521781	1758.554524	2444.160477	2728.847904	2760.890261	2639.639236	2489.190096	2101.347620	2383.082050	2673.780183	1224.882502	1183.394971	1464.369564	1543.080834	583.591767	571.819271	753.990661	624.028257	703.613685	510.214764	425.522664	420.706067	629.986812	785.199830	1441.392303	1985.973693	2148.214443	2290.936598	2353.908464	2049.443348	1982.306429	1925.103140	2004.757677	2104.326736	2025.071826	1389.308907	1208.662710	848.370459	751.573932	754.184193	910.888565	876.322095	847.162337	1262.011473	1245.440547	1288.306088	897.309809	1089.976721	634.952329	415.394874	442.218054	279.680186	250.959767	415.704876	
2034.242695	2916.763266	1716.460673	2421.783421	1125.316262	1557.774118	3932.282322	5268.829023	5352.809858	5586.790286	5548.069459	5271.455196	2362.697032	3593.736023	4848.712950	3968.804206	2180.220936	5285.769272	11301.600288	18072.567561	25985.433685	78907.560963	267151.639586	57181.340732	29173.957213	26742.644141	17864.255340	8510.279447	6713.096921	6226.905555	5568.869215	1546.488692	2165.598684	2293.559377	2044.722677	2404.698670	1210.116741	2182.538926	2601.543545	2508.241855	1783.094243	2366.509753	1789.035772	2334.672361	2970.581482	740.006205	849.755034	1295.531145	956.794222	447.226028	466.966852	602.815777	399.706946	545.822561	358.213393	330.588352	257.289766	483.169556	551.747209	1343.002369	2141.551607	2594.707873	1782.351106	2515.161105	2747.205064	2752.574104	2587.772540	2635.220348	2877.312811	2043.976780	1096.078470	959.895983	618.205107	662.559887	497.777126	761.793793	727.628830	660.978028	1047.728343	1482.390913	1260.396123	623.128496	1179.058627	418.689999	238.503282	359.790126	187.176609	229.852481	252.971744	
1431.878767	2879.350582	1860.808912	2211.067188	1159.550547	1609.180440	3665.608878	4588.013664	4688.946894	4965.186621	4690.286160	4734.303097	2835.079884	3645.008460	3991.868782	3652.364487	2347.812988	4656.749349	8567.208300	12099.020640	19248.440000	33729.759676	57181.340732	245015.733161	90666.969269	40908.858922	26539.874918	9429.712167	6354.799406	6004.470774	5328.399379	2259.107232	2205.936542	2525.890538	2559.540861	2400.765030	1613.021153	2251.992436	2596.714714	2509.859141	2203.204011	2609.863334	2141.545679	2369.455858	2661.901151	1220.840951	1016.192472	1481.377615	1554.213431	565.705601	538.102993	722.205175	606.782131	614.994173	472.858460	400.324244	372.766112	559.779291	612.599749	1334.239788	2069.919960	2228.636252	2034.829619	2104.675334	2301.831441	2370.134164	2430.622809	2501.307035	2456.476626	1852.347914	1284.063711	1003.908756	797.345525	734.592420	686.245685	833.219699	732.051321	697.870260	1133.659105	1338.741340	1244.497911	700.938869	1054.229145	475.068056	255.902910	343.467431	262.347822	269.993581	276.784005	
2313.030419	2969.828731	1533.597124	1951.817941	906.450227	1366.923485	3513.791042	5663.326241	5959.218885	6273.266169	5144.751931	4880.433081	2221.937232	3103.849085	3932.561323	3176.553087	1882.198680	3700.263673	8567.631516	12338.087994	11975.891178	19475.733914	29173.957213	90666.969269	261328.832067	74885.846382	26265.777500	10527.479430	7221.961307	6995.715896	5665.111960	1656.762385	2023.047257	2203.122833	2174.548426	2204.957073	1191.412509	2105.157085	2463.739611	2477.366275	1827.036011	2263.161704	1807.280460	2154.893417	2770.205750	789.963770	789.103661	1288.763716	1258.583468	443.938702	454.711177	592.351306	426.141657	606.469208	364.410449	308.986073	257.075772	433.090845	456.124003	1154.295267	2054.290685	2445.341724	1766.700582	2378.155963	2470.172952	2975.329155	2899.992013	2763.140821	3088.576477	1757.377392	1070.862479	870.216030	648.962503	611.469176	505.624959	738.592100	614.744775	507.323567	1119.358651	1630.441041	1358.006408	616.095519	1134.300878	376.193046	234.793052	289.137241	210.561016	213.063935	266.824755	
2666.667001	3047.391063	1556.482945	2043.128570	860.972762	1313.384747	3963.964039	6717.866398	6939.033580	7148.791948	5711.323469	5075.053516	1998.137307	3144.277573	4342.602355	3388.116034	1592.643224	3999.956980	9769.597180	13757.796859	11506.627863	18574.375329	26742.644141	40908.858922	74885.846382	265187.529069	49701.970918	14723.454673	9632.475746	8760.416494	7547.603897	1719.349127	2234.719446	2505.643092	2262.476956	2589.903688	1268.414882	2542.248156	2827.835685	2686.518472	1882.322099	2460.609888	1726.881733	2401.976692	3222.575326	720.357878	773.974711	1385.877942	1075.362913	402.601231	397.669936	584.077960	385.233927	535.641625	354.066915	285.594825	250.779419	475.182788	538.168925	1364.330317	2387.566755	2961.457836	1852.720457	2819.191634	2937.271014	3270.086353	3338.463195	3372.123246	3513.998484	2145.065328	1075.752400	935.265810	650.356363	620.836161	513.755340	826.378985	636.266445	632.061302	1223.775039	2025.164618	1678.489810	634.615031	1437.109758	440.464988	214.649751	335.571333	197.510630	182.644418	217.143026	
1147.636142	4162.588812	3581.584669	3019.137052	2102.534405	2970.597152	4538.547834	3311.543399	3179.478066	3153.856188	4004.804945	4755.355557	5577.687587	4386.242231	3831.605464	4499.427289	4906.727421	6787.553132	7414.105328	8630.757900	22358.881628	20389.453313	17864.255340	26539.874918	26265.777500	49701.970918	243308.758893	43756.798358	15022.534416	10958.295360	11269.663302	7739.093041	4812.002105	4553.539789	4632.647614	4089.683692	3693.051868	3522.849587	4202.422070	4666.658482	3525.446415	3748.515083	3312.098018	3298.737724	3549.051187	2381.765144	1885.993423	1840.668425	1883.941377	1047.057744	922.898671	977.875051	944.790592	888.327478	881.199580	806.133392	803.369123	922.926214	1305.926181	2267.314675	2494.278731	2565.512354	3632.440887	2873.026230	2428.249390	2253.468187	2045.765291	2333.465754	2326.006894	2786.658512	2092.881748	1896.141965	1601.757211	1237.874368	1323.814624	1342.060902	1339.854758	1379.044997	1731.084975	1478.926581	1625.389290	1611.014380	1291.134599	1119.498377	726.281567	576.593640	513.332656	409.067510	606.495970	
1582.900122	3206.399740	2169.429326	2855.342480	1326.006068	1859.365641	3731.296313	4065.431216	4034.135331	4011.621159	4486.563104	4669.366218	3107.790767	3884.581103	4407.683834	3839.488260	2332.800354	4628.705627	6417.467627	7050.874582	7554.910886	7360.194407	8510.279447	9429.712167	10527.479430	14723.454673	43756.798358	284552.142428	61898.466341	29531.876568	23699.719939	6226.722893	5323.765452	5057.358815	4542.504868	4612.728046	2596.910423	3782.863053	4502.216647	3849.917870	2963.823453	4064.677397	3245.224449	3745.193705	4220.202325	1565.147789	1433.653708	2036.410549	1697.320488	653.435573	705.593739	841.711101	685.327430	842.318579	543.076091	504.476721	435.986659	827.656801	884.422194	1965.034249	3210.355087	3409.922009	3186.371396	3559.090291	3572.801791	3187.653658	3039.231414	3291.607234	3434.548726	3018.864204	1944.790447	1508.442823	1067.484268	1015.324251	855.752797	1108.423484	1093.123401	1062.010635	1531.566834	1736.947798	1563.726500	1126.089702	1401.657464	694.713711	400.755177	468.315318	327.561142	308.036827	452.007249	
1478.227006	2597.931672	1783.081449	2556.679700	1147.473844	1512.750702	3484.617834	3779.990538	3847.480668	3849.907596	4389.309501	4580.145448	2293.211281	3152.637453	4380.478927	3314.504585	1835.017633	3879.411246	5724.465565	6086.141705	4801.774705	5328.675601	6713.096921	6354.799406	7221.961307	9632.475746	15022.534416	61898.466341	280460.946747	73467.056719	38216.553405	6045.525570	6111.183607	5354.462514	4512.039872	4906.187540	2509.898369	4108.069065	4866.720124	3997.555327	2890.414271	3939.467003	2987.043644	3628.923094	4420.369046	1234.704321	1325.914658	1944.356182	1336.626807	674.414731	699.015863	884.852018	530.603824	819.552033	494.825059	493.540412	399.218361	790.832927	779.156989	2066.830983	3458.713710	3875.467660	3000.222964	3576.251361	3798.574646	3444.867955	3200.661139	3190.177376	3436.880566	2882.839309	1789.588587	1538.307260	963.552541	991.014185	749.353738	1159.591897	1099.665039	1003.772255	1450.974348	1654.426264	1607.937332	997.508506	1444.368763	628.354852	317.335302	440.372533	299.130375	263.258593	337.860943	
1506.841861	2635.215374	1700.731564	2399.260050	1052.307288	1405.385151	3325.040484	4272.489631	4067.644708	4137.232650	4267.372176	4238.595716	2120.142306	3046.826900	4078.352919	3220.152336	1728.862956	3522.086415	5829.816148	6029.348259	4340.842096	4707.224127	6226.905555	6004.470774	6995.715896	8760.416494	10958.295360	29531.876568	73467.056719	278331.084831	75977.335449	7922.777620	6923.470773	6141.871736	4896.689549	5225.909594	2425.135510	4150.085439	4774.669864	4079.744103	2782.497309	3824.650604	2882.198305	3466.959478	4407.775441	1181.695941	1335.835350	1853.030045	1400.064040	631.940942	663.484696	907.505789	575.780514	794.079213	506.733990	486.901814	366.441887	769.208586	793.303389	2177.150523	3523.407372	4005.604277	2865.621167	3673.377493	3706.148288	3506.638122	3525.441077	3524.031409	3924.262959	2851.192180	1772.033025	1471.012135	938.253979	878.217115	729.837037	1123.643640	1040.300343	1014.590402	1455.939109	1860.691335	1712.748141	1058.692969	1597.781316	599.801465	265.788974	477.751306	283.395664	254.616957	271.799224	
1367.290637	2963.936951	2132.419711	2910.074660	1342.433516	1822.214117	3810.681199	3570.843958	3334.930340	3523.440394	4000.050531	4339.744965	2556.803971	3616.376375	4227.339535	3702.708315	1992.345753	4456.869894	5822.122242	5822.890517	5051.166264	5239.426556	5568.869215	5328.399379	5665.111960	7547.603897	11269.663302	23699.719939	38216.553405	75977.335449	264477.290216	28408.184160	14091.235788	10193.840381	7005.912927	7422.994199	3403.544484	5577.767670	6203.265738	5274.146958	3555.005124	4476.516585	3248.160721	4052.028132	4866.595229	1426.036065	1605.054540	2228.824720	1419.970238	761.300605	845.884383	1138.453785	700.868778	929.682593	559.489984	598.504441	475.109233	954.034117	1168.214539	2943.692272	4057.419069	4106.671086	3667.934823	4112.629868	3819.117183	3568.692804	3263.957144	3376.855881	3521.357795	3812.819149	2153.641846	1879.254299	1225.489883	1112.778347	930.144544	1472.748145	1448.219945	1450.921733	1799.438831	2003.386255	1943.357522	1419.730447	2026.114304	792.991212	443.789884	620.872103	409.601706	328.701463	485.524373	
314.079935	2260.478046	3547.623260	2225.415684	3388.565866	3347.258696	1994.793053	673.231141	673.207690	631.378557	1059.766667	1506.792823	5257.552230	2653.415494	1480.701895	2600.823995	6424.090106	3644.018103	1689.083343	1372.744168	4624.605645	2526.614870	1546.488692	2259.107232	1656.762385	1719.349127	7739.093041	6226.722893	6045.525570	7922.777620	28408.184160	356614.553937	66536.466929	15858.166658	11515.758237	6735.328402	10349.582624	4074.830911	3710.486463	5224.427787	4820.663966	3457.466677	3788.853313	3108.648930	2245.826818	5446.186960	3349.008198	1949.624489	2721.353329	2627.916565	2182.934179	1721.297736	2225.032048	1546.726185	2415.954682	2327.996005	2702.468263	2356.219128	3277.026927	2816.620136	1537.607824	1107.958226	2970.025223	1322.065107	1081.098953	899.615814	803.171026	882.201831	817.647110	1680.779222	2697.086597	2435.429066	3342.409196	2070.799358	2764.651205	1680.828926	1897.971648	1860.829351	1498.092053	732.230576	904.257211	2251.979913	736.420637	2335.254984	2311.744923	1162.713288	1231.523415	867.124760	1133.944509	
289.886321	1805.066334	2579.832868	3030.912681	2334.797401	2537.457938	2220.555803	1164.956871	1100.353653	1081.151726	1434.851305	1877.520938	3140.305132	2610.451092	2092.868306	2737.413798	3429.344252	3415.617114	2142.146408	1925.697363	3247.285129	2416.323177	2165.598684	2205.936542	2023.047257	2234.719446	4812.002105	5323.765452	6111.183607	6923.470773	14091.235788	66536.466929	287402.237317	88841.900798	19171.937925	12511.041981	9250.176404	6187.770500	5574.486854	5168.556776	4410.094168	3827.712835	3243.155510	3001.382356	2964.320406	3303.445953	3297.514810	2810.593113	2395.853726	2012.634329	2098.853277	2282.738293	1797.621885	1787.810576	1738.233754	1951.858693	1963.302172	2603.481609	3245.022842	3397.449811	2544.712774	2002.044793	2982.422725	2064.335399	1652.150962	1501.193244	1389.220454	1421.938698	1376.952695	2258.525797	2505.607726	2523.319928	2608.464669	2370.484154	2242.832216	2125.200903	2165.553330	2114.889261	1572.372555	1024.811860	1219.631617	2090.709725	1533.507936	1772.590680	1549.261177	1377.823777	982.586209	909.688452	978.894038	
681.619779	2045.138716	2391.907889	2921.218703	1971.527587	2316.982896	2529.482499	1281.434207	1294.454412	1139.847908	1648.244781	2116.980951	2661.686312	2569.231724	2134.761484	2614.735698	2689.882790	3218.048458	2366.745253	2183.262765	3210.831397	2527.549445	2293.559377	2525.890538	2203.122833	2505.643092	4553.539789	5057.358815	5354.462514	6141.871736	10193.840381	15858.166658	88841.900798	285528.452723	64182.241432	22018.105525	10414.882040	7296.982295	6481.069642	5515.209133	4519.445391	3989.048083	3403.670164	3242.183695	3275.178650	2856.641495	3254.296129	3025.093077	2451.913180	1956.967557	1914.293920	2203.947769	1822.102889	1905.379863	1618.140012	1680.476343	1640.499327	2449.916664	2727.214073	3190.462485	2657.642672	2163.465700	3086.321455	2374.854689	2056.953872	1810.442485	1653.339892	1740.065503	1691.365800	2472.380625	2407.381659	2397.248463	2413.077135	2203.205012	1988.396868	2107.779583	2038.835747	1861.974178	1564.038653	1174.948744	1369.186741	1969.750464	1624.596549	1533.936939	1329.918754	1200.164373	907.730812	869.222490	868.158737	
441.445238	2043.693597	2542.792344	2580.204188	2086.934449	2327.309853	2107.564094	1260.515168	1175.071470	1096.461836	1568.835476	2042.672520	3086.784962	2521.547060	1953.466237	2555.563704	3102.067444	3066.033988	2151.462439	1962.586164	3581.898336	2631.310982	2044.722677	2559.540861	2174.548426	2262.476956	4632.647614	4542.504868	4512.039872	4896.689549	7005.912927	11515.758237	19171.937925	64182.241432	293253.742917	79696.132599	19734.852193	9527.313314	7951.955649	6775.773611	5185.573167	4210.270913	3759.634129	3418.023384	3492.698757	3414.493877	3196.571452	2979.898904	2935.599574	2140.476827	2028.637844	2126.609939	1911.506546	1849.645294	1791.578717	1791.241491	1810.718640	2297.267349	2572.024817	3021.099627	2460.159850	2019.450074	3111.121038	2178.906346	1933.327449	1738.967595	1630.104803	1711.573582	1659.708416	2315.651258	2421.612234	2220.383583	2337.904752	2083.375709	2103.398902	1964.281868	1861.250881	1746.922198	1594.362334	1046.378014	1348.164200	1900.568002	1457.971566	1642.630185	1357.393352	1250.406649	979.788070	809.810544	998.975125	
407.640933	1866.035448	2224.412797	2745.264692	1815.413982	2095.658919	2397.435951	1581.774972	1413.324751	1408.651420	1847.164502	2181.322879	2406.122938	2521.019339	2346.442858	2598.680626	2349.331273	2982.801650	2654.211621	2416.229646	3025.854109	2578.521781	2404.698670	2400.765030	2204.957073	2589.903688	4089.683692	4612.728046	4906.187540	5225.909594	7422.994199	6735.328402	12511.041981	22018.105525	79696.132599	298152.292492	48087.452316	15014.259812	11592.921966	8213.344123	5444.958595	5272.252529	4030.132714	4105.152259	4207.640586	2813.546699	3216.376150	3516.086401	2710.763205	1912.072264	2009.471338	2316.692874	1725.595192	1985.015436	1607.892238	1541.967561	1490.257735	2310.728697	2509.949490	3493.130589	3124.377267	2776.854393	3165.649152	2852.915019	2448.653938	2125.748615	2043.814820	2212.049860	2280.876053	2830.782230	2387.486104	2360.370049	2198.165385	2025.305419	1793.642808	2141.581149	2104.666751	1918.717507	1716.452337	1388.312849	1660.843173	1931.495946	2080.361782	1571.065906	1233.951335	1281.617839	866.761969	818.841479	842.063478	
258.655272	1703.685196	2907.989850	2247.361598	2692.571925	2751.361245	1674.045949	618.344340	561.687359	588.594921	956.975241	1215.287941	3710.842309	2041.132053	1344.821269	2127.924209	4444.553329	2806.565830	1301.245519	1172.546703	2893.368009	1758.554524	1210.116741	1613.021153	1191.412509	1268.414882	3693.051868	2596.910423	2509.898369	2425.135510	3403.544484	10349.582624	9250.176404	10414.882040	19734.852193	48087.452316	311432.024343	66317.469458	21927.654103	13750.718727	8768.431858	5238.114521	5245.282725	4198.615079	3442.544395	5954.087512	4626.026203	3166.680742	3415.077379	3138.354348	2777.955526	2526.778775	2573.034845	2072.545336	2653.960321	2779.018977	2951.858778	3056.239589	3863.469693	3585.298240	2024.204369	1478.437594	3014.159820	1579.303447	1262.532537	1067.936927	1062.385339	983.550366	975.988546	1951.166906	2884.931945	2830.335720	3431.002606	2448.510587	2817.872863	1996.412495	2183.774294	2027.449024	1663.507327	842.693512	1084.766311	2598.523104	1112.804687	2457.520128	2302.766625	1462.018588	1320.210111	1000.889727	1291.685938	
