378928.850196	58590.356994	65110.503393	21820.132451	18699.556195	13882.650323	14449.626202	15076.940972	10322.330042	7836.755128	5838.592850	2427.573623	3960.429571	3295.464757	2547.818768	2944.498424	4212.717107	4605.834710	3179.212617	2839.442866	927.437874	521.662960	557.231484	519.207516	787.889605	2053.683174	6305.938260	5345.724803	2922.495125	1904.962596	1737.149951	1423.026081	965.390946	3356.739193	3321.998131	2441.998347	1756.774987	1053.718332	974.780648	546.387898	1209.577071	1359.958802	1300.801027	662.299850	201.724955	320.030385	321.867502	373.419029	498.744159	655.786241	543.315430	985.742956	580.016580	723.305140	385.504218	217.975441	556.645961	357.525341	330.498594	587.034685	708.297113	796.414628	864.966327	636.467959	859.354295	478.643503	1228.744717	2798.844004	2078.169765	847.808690	449.426483	480.693772	944.107501	1024.432367	1562.844586	1472.847916	964.748715	1620.175856	2368.688229	1029.707421	1243.561498	969.439402	994.170875	
58590.356994	479285.053293	50281.304976	19551.448797	6750.475535	6876.106727	5188.532575	4173.824586	5341.958641	4877.339430	2662.721574	2708.672474	2893.840871	2557.130820	2283.568036	2398.818908	2612.254035	2491.601099	2697.536882	1937.184357	999.842795	356.490296	617.770023	518.421759	882.583615	1804.577980	2071.865085	1969.342196	2475.926949	1684.173068	1354.175814	1277.900262	1092.642627	2317.491054	1520.464248	1615.568432	1462.271161	956.515383	974.627864	547.194423	771.222304	1132.048928	1040.477715	599.755469	165.923580	225.269212	320.423906	461.609346	427.061147	478.525130	487.107067	591.138891	522.184153	475.014110	338.447427	208.576997	482.954019	365.717830	359.285786	485.189399	446.124225	557.392414	594.271240	558.968499	738.042194	487.085573	981.390950	745.098046	1004.527859	830.319627	405.566604	357.920075	780.935226	756.770042	970.841121	494.177893	719.938198	712.325858	1014.712393	774.669424	599.526865	630.526384	829.176001	
65110.503393	50281.304976	309750.975603	77819.610211	14707.475498	15296.587544	10661.405030	7506.102303	11946.639290	8731.943615	5735.551696	5491.480239	5251.073974	4538.463906	4716.427699	4817.322781	4064.225583	4145.484161	4473.952493	3679.425419	2347.229607	1295.561188	1167.427203	1208.778251	1882.354877	4207.261056	3837.234335	3363.048360	4217.394803	3182.937527	2751.835695	2598.258223	2604.719395	3510.229117	2392.771321	3032.516027	2464.414896	1763.275998	1581.125682	1376.748472	1628.862879	1623.497851	1749.099068	1097.597108	589.928206	594.602016	630.749123	681.799684	751.230548	977.344910	865.106741	1104.506977	1067.006563	993.931348	718.971184	504.002250	720.544290	610.323242	603.679564	843.348287	1028.912592	1155.021300	1182.810963	1146.033968	1062.572082	1155.910586	1800.056525	1585.903508	1693.481306	1614.912596	896.912971	1031.346947	1305.382393	1524.779685	1560.719075	1202.811778	1149.264033	1166.943325	1391.826589	1634.622801	1366.838293	1573.541296	1489.996547	
21820.132451	19551.448797	77819.610211	290615.463730	70191.349533	38466.973410	29737.799561	20594.377176	15598.234765	9168.727959	6573.330204	4327.894565	4574.723883	3411.071800	3413.958057	3529.427129	3944.857694	4143.459019	3539.274752	2954.557698	1770.560427	1117.021859	958.355205	986.049830	1518.909680	2889.257474	5288.210690	4859.762691	3271.309401	2438.597445	2277.544764	1914.299434	2013.752447	2852.312361	2770.973187	2520.070735	1860.543770	1331.974250	1167.287118	1013.097885	1183.864531	1290.160781	1326.550838	797.900501	505.864353	489.997786	490.227050	477.142622	624.060637	701.871922	597.960242	864.716840	708.061099	709.185578	498.102844	425.277314	539.982324	453.092571	490.241352	678.707977	754.519345	792.682501	858.370505	782.032858	766.550670	942.075590	1432.917210	2014.105953	1705.766268	1118.293843	738.892274	813.454366	916.186559	1077.264207	1339.190547	1323.313930	1105.682617	1205.899242	1756.783447	1104.924145	1142.012987	1162.388969	1084.972797	
18699.556195	6750.475535	14707.475498	70191.349533	289763.533467	93140.957419	58591.987491	37210.972303	18290.436717	8812.750469	7391.133121	1962.919512	4072.358798	2710.871438	1919.716261	2674.141569	4281.570174	5098.944296	2765.717277	2451.763943	709.179084	453.172404	437.765736	422.051850	640.766560	1356.002594	8120.369028	6992.069031	2210.722900	1543.732830	1492.611631	888.912046	563.813148	2862.816456	3766.710076	2269.022742	1315.796171	626.936870	721.143800	294.573018	707.165701	1003.385997	888.075190	414.846234	176.783520	162.415090	229.699816	210.128435	290.870523	360.188453	311.606208	757.689979	285.260148	509.909774	222.053256	150.380300	302.268317	229.398157	196.603696	353.928362	440.725677	486.401281	607.187584	432.793758	533.982349	277.890280	856.154132	2791.345919	1915.230155	472.338008	233.925039	332.161816	749.692137	650.376327	1107.371285	1547.592620	836.606811	1953.636479	2533.504684	618.671475	961.948706	626.046794	682.774659	
13882.650323	6876.106727	15296.587544	38466.973410	93140.957419	274821.088904	88152.492055	33848.539220	22394.155760	10993.971318	7755.326255	3700.825732	4810.835489	3107.334074	2942.301835	3873.539147	4588.592855	4942.034407	3390.236512	2858.646978	1096.303993	725.423193	664.659533	645.395269	973.882985	2624.772207	6966.170734	5756.809476	3355.948162	2544.442701	1960.208321	1517.429100	1156.888269	2704.801855	3529.780080	2838.554255	2004.084084	1063.635941	962.156003	547.475721	913.854311	1148.090826	1133.918930	517.109084	334.042251	244.075481	319.192335	318.886225	424.065550	495.703276	500.054704	746.315838	521.962487	608.562459	348.429046	225.724184	455.117883	397.420592	296.748618	499.716434	592.397116	723.774883	786.208614	578.233778	751.218381	527.129046	1068.709383	2263.449549	1720.014768	880.900758	453.610369	486.262331	827.217045	876.273127	1242.650284	1433.203267	1303.104369	1689.601630	2074.649223	1086.985133	1258.855630	1017.988318	1014.372465	
14449.626202	5188.532575	10661.405030	29737.799561	58591.987491	88152.492055	278123.825929	69367.781009	29029.447959	13356.902848	9988.393405	3162.789355	5683.331737	3609.050021	2591.119136	3186.977099	4830.256084	5756.970997	3324.895922	2965.152991	965.673841	626.558042	616.376766	588.286821	810.797655	1844.398051	7985.704436	6809.992064	2753.063316	1839.172677	1718.147235	1250.038264	803.521599	3097.571285	3817.964828	2481.487014	1680.323623	887.271752	919.107516	430.825843	888.871611	1251.940692	1000.466503	519.976958	198.021074	237.604657	246.999511	297.646166	374.662805	507.651674	487.811865	848.152181	421.221872	511.557319	312.702392	184.655362	377.666516	301.595257	287.005493	477.508822	512.185373	651.629359	686.278714	496.097716	738.223245	373.006919	1223.972023	3043.282237	2134.068806	693.933521	354.185135	456.902636	960.625458	825.946791	1291.282002	1492.606810	924.840725	1962.455673	2544.504042	884.755393	1159.726559	887.715770	870.848378	
15076.940972	4173.824586	7506.102303	20594.377176	37210.972303	33848.539220	69367.781009	290926.414408	88324.893539	21741.107111	15681.183764	3153.525038	7223.660413	3742.619751	2316.809034	3205.208281	5550.769515	6584.004911	3109.373887	2912.176670	883.044276	583.086896	559.244155	544.902694	643.526620	1455.424471	9521.051265	7957.554807	2479.328374	1576.252878	1517.632755	984.156584	568.235544	3235.700948	4331.236288	2548.103367	1370.291914	694.382112	776.001591	299.025092	790.286050	1191.283204	992.029242	430.376297	170.964388	176.074259	203.148535	246.809653	285.889257	476.510043	351.985694	843.552208	325.933084	494.106565	244.733425	151.173718	297.214497	258.396651	216.628605	381.248833	471.553783	589.886725	667.309700	429.279601	664.691400	343.681011	1192.861822	3443.514364	2310.369909	558.051716	263.667327	366.767456	886.937181	705.126683	1341.109223	1811.545498	896.483786	2190.890103	2818.967260	720.357285	1174.509539	672.221954	761.221386	
10322.330042	5341.958641	11946.639290	15598.234765	18290.436717	22394.155760	29029.447959	88324.893539	316722.938202	38460.745492	18098.909772	7104.472611	9373.069865	5489.121578	4803.878340	5204.649714	5382.513524	6068.284444	4240.460911	3676.691674	1799.002036	1020.661987	960.166645	933.332869	1406.843470	3099.257897	6668.905919	5488.111857	3814.999636	2710.986730	2225.903461	1955.981685	1733.323047	3403.555165	3339.438335	2998.123165	2140.593820	1365.024456	1236.331043	918.512779	1310.852403	1449.555411	1545.284717	777.777337	365.338607	420.148551	416.911880	441.726902	562.076025	737.795848	674.493247	1019.160023	755.414802	853.133753	501.044138	324.179983	541.411417	487.416300	410.938764	678.693356	705.189163	878.274293	926.282735	808.338112	893.529901	803.132206	1497.867236	2495.518108	2088.650373	1272.085023	627.548753	701.788648	1225.404373	1353.422053	1547.616431	1526.301017	1151.871755	1554.410075	2030.802749	1180.872563	1287.595163	1271.191141	1393.877904	
7836.755128	4877.339430	8731.943615	9168.727959	8812.750469	10993.971318	13356.902848	21741.107111	38460.745492	301142.957458	96017.234474	13779.628732	21691.322981	10762.787074	7072.535645	6743.607270	6918.072696	6798.682089	5760.026182	5843.678963	2139.326630	1119.052299	1114.398381	1104.884752	1652.487491	3658.688025	5640.968757	4960.329069	4281.291206	3127.673276	2711.334801	2588.781585	1912.413941	4638.182900	3326.468853	3333.673049	2727.401762	1941.160722	1912.943254	1014.400408	2002.819509	2443.462627	2121.755363	1192.425679	424.975211	490.635623	595.341358	729.150024	847.520042	1110.035929	984.241364	1624.567062	980.511542	1248.912715	706.259108	373.197578	805.849003	677.975324	647.363755	1048.024352	1113.829291	1285.335975	1329.917156	1159.357578	1369.831720	943.462193	1986.967384	2488.598039	2685.532351	1642.790607	804.770197	910.346512	1831.576739	1644.325341	2085.108876	1552.074082	1293.738253	1548.677946	1972.431194	1661.856266	1567.936782	1526.454449	1711.231922	
5838.592850	2662.721574	5735.551696	6573.330204	7391.133121	7755.326255	9988.393405	15681.183764	18098.909772	96017.234474	345187.535034	29366.965427	28532.554489	11395.355071	6645.282763	5866.921536	6439.914508	6047.621635	4642.537115	4652.406650	1948.708793	1097.453388	1049.499391	972.702352	1504.659800	2691.233673	5330.539298	4363.685851	3189.396577	2447.470047	2211.471340	2045.371956	1488.357837	4243.690961	2985.871483	2653.421477	2105.435014	1618.668447	1574.957015	870.807901	1767.550004	2196.576675	1872.709634	1121.676825	451.690705	378.709844	501.797312	522.403058	744.419259	932.368859	729.013717	1424.787430	766.304887	1091.742664	578.483478	388.164557	684.622863	621.553175	521.006702	834.688362	935.751992	1023.719036	1226.621378	842.553637	1163.615091	754.710310	1590.935365	2385.370545	2248.215019	1207.006600	682.513834	757.209544	1510.444286	1182.341877	1701.936258	1362.061505	976.063980	1564.504418	1801.072733	1181.068842	1292.059194	1102.572946	1052.319222	
2427.573623	2708.672474	5491.480239	4327.894565	1962.919512	3700.825732	3162.789355	3153.525038	7104.472611	13779.628732	29366.965427	380457.776734	64917.311571	20559.379167	14190.723059	8736.152640	4842.394588	5032.831209	6411.636651	5399.941208	5873.561968	3249.867917	2738.813659	2774.916895	4009.648651	5809.594926	2257.079106	2090.229928	3690.324938	3375.751739	3319.416349	3954.030641	4270.467811	2503.484405	1983.396797	2748.274896	2939.887602	2850.386633	2348.873333	2524.850777	2328.444118	1864.992566	2169.710392	2119.779541	1572.718124	1268.062481	1381.092481	1382.860572	1503.108231	1483.037979	1457.660426	1346.259179	1694.813757	1357.363981	1479.724191	1241.273375	1310.143718	1327.230475	1439.123871	1496.507907	1613.114129	1513.327641	1353.208526	1749.722020	1624.871708	2380.141813	1832.137317	802.339542	1118.471019	2250.338047	1937.562855	1899.245151	1351.426721	1671.704729	1269.147087	778.620574	1310.001663	620.187713	657.475631	1756.840837	1693.694355	1817.328242	1315.245220	
3960.429571	2893.840871	5251.073974	4574.723883	4072.358798	4810.835489	5683.331737	7223.660413	9373.069865	21691.322981	28532.554489	64917.311571	329240.508464	59924.758087	15694.796569	9225.326797	7540.759208	7007.600565	6230.079402	6975.734859	2803.533122	1435.182237	1473.823386	1409.732684	2136.131482	3724.748596	4347.685359	3999.850473	3866.405079	3015.385171	2690.464481	2906.066362	2022.499726	4400.769669	2577.195630	2785.661076	2537.123168	2228.050797	2215.339694	1220.619407	2385.905308	2664.251068	2574.114413	1491.540512	532.122068	622.019789	760.300642	937.212445	977.838896	1374.689258	1155.996518	1744.004708	1073.108098	1697.599773	904.178869	493.426726	960.232739	841.984790	801.176376	1290.507490	1414.917549	1613.597246	1474.062998	1379.117822	1658.831042	1168.248976	1726.194775	1882.722253	2151.626644	1754.815570	1021.514194	1112.127021	2062.241824	1571.013375	1808.454086	1315.875561	1024.467593	1264.738949	1609.008051	1475.963507	1435.933359	1414.652711	1345.127117	
3295.464757	2557.130820	4538.463906	3411.071800	2710.871438	3107.334074	3609.050021	3742.619751	5489.121578	10762.787074	11395.355071	20559.379167	59924.758087	327169.463647	67729.582943	17684.920127	10470.665462	8774.332000	8609.813380	9820.027425	4090.472628	1998.918195	2025.907462	2032.263300	3019.179340	4354.946944	3726.960723	3352.663928	3904.826687	3059.511353	3128.290958	3665.528341	2557.917500	4751.066266	2398.149272	2876.362661	3109.120438	2827.210427	2849.750833	1742.223739	3176.168727	3382.403033	3142.533529	1962.913357	676.897761	842.747536	1170.751792	1320.076992	1482.560397	1897.429724	1529.518957	2234.197954	1410.653048	2135.795782	1246.567189	646.611741	1281.710108	1184.453852	1188.340318	1658.844717	1650.698754	1916.871702	1740.518229	1786.875470	2013.127671	1433.537620	1873.893896	1718.150711	2197.338795	2113.157611	1328.639080	1365.688382	2422.062265	1924.793642	1904.047990	1147.550610	1025.491997	1031.643736	1324.493301	1615.875367	1558.502640	1560.606095	1529.583864	
2547.818768	2283.568036	4716.427699	3413.958057	1919.716261	2942.301835	2591.119136	2316.809034	4803.878340	7072.535645	6645.282763	14190.723059	15694.796569	67729.582943	330823.683467	59997.738332	13994.771308	11603.406196	11328.878599	9328.101269	7674.652098	3866.394077	3268.235856	3302.555521	4440.191339	6455.662401	2911.598969	2644.196150	4400.136818	4142.056319	3920.708401	4389.659171	4160.098006	3294.043889	2186.389580	3060.957759	3396.251276	3045.588896	2611.025186	2459.203859	2414.705456	2117.169283	2483.684102	2079.167135	1285.006592	1245.704270	1319.440104	1361.158003	1545.909707	1521.317674	1340.414592	1566.114273	1745.251815	1679.984444	1344.981747	1037.028076	1313.651211	1283.355323	1346.363194	1550.753275	1549.075466	1561.886114	1493.443053	1835.594642	1662.791155	1934.135914	1774.628870	1151.324570	1396.785919	2284.606522	1873.709822	1739.109919	1665.462010	1780.858275	1508.465641	904.561575	1202.544982	776.830660	897.214179	1696.413690	1582.560904	1734.679474	1425.259820	
2944.498424	2398.818908	4817.322781	3529.427129	2674.141569	3873.539147	3186.977099	3205.208281	5204.649714	6743.607270	5866.921536	8736.152640	9225.326797	17684.920127	59997.738332	282405.289317	81552.187659	43712.965317	24902.634290	12679.499801	6584.612610	2620.852577	2274.872140	2271.317669	3407.304697	6332.276158	4948.725224	4282.352065	5582.826450	4874.025226	4043.903773	3857.241514	3540.677553	4171.989000	2901.440127	3719.620410	3652.383896	2653.600557	2256.185858	1837.609588	2098.163593	1983.326876	2151.067289	1445.098610	786.453987	826.842608	832.596247	905.306989	994.602103	1131.850385	1005.608446	1421.822125	1413.650345	1302.995051	861.656054	618.965263	996.068121	927.764624	870.434347	1113.885881	1188.042772	1353.738059	1391.599552	1422.751571	1450.211540	1449.301155	1910.641501	1532.889834	1685.709211	1740.790408	1175.482862	1218.640589	1587.522070	1637.495233	1638.066106	1307.642517	1609.574107	1172.805123	1329.751769	1691.982809	1523.619568	1487.943615	1237.807204	
4212.717107	2612.254035	4064.225583	3944.857694	4281.570174	4588.592855	4830.256084	5550.769515	5382.513524	6918.072696	6439.914508	4842.394588	7540.759208	10470.665462	13994.771308	81552.187659	284327.918668	102137.889964	30911.402785	13666.722525	4245.855141	1738.874305	1617.284428	1531.477809	2134.884749	4214.237859	7664.332712	6816.670794	5158.615547	3897.871381	3362.687282	2643.875650	2125.863709	5297.905961	3994.834484	3528.102902	2833.957527	1738.124804	1712.140941	962.945633	1701.931992	2030.789598	1802.449126	999.312514	415.055593	425.586379	490.050027	578.542256	705.727919	858.843900	709.250506	1455.746528	880.076035	1118.996544	548.823976	362.641018	707.497878	573.853061	500.862554	782.835596	925.522621	1098.434880	1274.195554	953.991434	1145.637670	781.296962	1689.270788	2597.586566	2153.170191	1105.154753	673.508438	760.960156	1344.001269	1236.969201	1921.673531	1822.017940	1471.254027	1801.810560	2200.061500	1314.468775	1157.816801	1006.857959	1012.275607	
4605.834710	2491.601099	4145.484161	4143.459019	5098.944296	4942.034407	5756.970997	6584.004911	6068.284444	6798.682089	6047.621635	5032.831209	7007.600565	8774.332000	11603.406196	43712.965317	102137.889964	284706.426419	53520.635586	17112.173492	5827.469184	2240.387576	1837.979225	1763.897783	2573.071982	4910.933197	9010.394007	7655.920115	5611.893314	4220.424120	3637.764788	2895.636311	2725.097553	5105.531684	4504.447673	3821.388525	2911.317846	1934.141999	1786.230364	1275.984792	1680.325031	1908.060111	1911.269093	1038.431271	565.141301	493.647839	557.485953	619.591732	753.745022	918.785678	736.507245	1391.041455	964.050569	1065.855545	661.573215	454.552105	716.180889	666.589609	555.262253	796.071773	951.553132	1143.543859	1157.023818	970.249923	1230.973642	933.204302	1806.047689	2761.250797	2170.774950	1251.098876	737.354781	822.123942	1426.946706	1325.017636	1952.836709	2018.249154	1744.440741	2099.487740	2239.904148	1470.813430	1251.921917	1149.253062	978.477313	
3179.212617	2697.536882	4473.952493	3539.274752	2765.717277	3390.236512	3324.895922	3109.373887	4240.460911	5760.026182	4642.537115	6411.636651	6230.079402	8609.813380	11328.878599	24902.634290	30911.402785	53520.635586	308432.661113	66321.774927	20384.935416	4447.490689	3332.290902	2997.573551	4243.580634	7467.648295	6010.738305	4940.132392	6152.565916	4755.054993	4389.433643	3968.060615	4085.613240	4714.797534	3301.479583	3790.855026	3453.104904	2692.412140	2156.376935	1961.307591	2337.731225	2172.422311	2237.492558	1565.238263	893.475257	838.299485	917.475190	1020.652107	1122.134930	1241.553054	1118.268102	1483.598668	1321.838698	1313.656401	933.620360	751.853088	971.979248	968.492954	935.992632	1163.354819	1370.196642	1451.300670	1265.169530	1335.556074	1430.955528	1604.584103	2015.434512	1705.627157	1839.142263	1867.514408	1255.753659	1330.347711	1559.986940	1890.555682	2020.762614	1567.039123	1805.017573	1404.304650	1480.836333	1726.754724	1476.349582	1564.521375	1272.775854	
2839.442866	1937.184357	3679.425419	2954.557698	2451.763943	2858.646978	2965.152991	2912.176670	3676.691674	5843.678963	4652.406650	5399.941208	6975.734859	9820.027425	9328.101269	12679.499801	13666.722525	17112.173492	66321.774927	337275.142917	50323.288757	5009.362655	3951.636481	3480.256435	4882.772792	7032.232997	6198.679650	5269.886708	5707.876281	4538.741345	4221.781774	4326.444874	2967.988420	5723.911651	3198.771931	3422.303920	3552.064924	2937.365051	2865.175598	1743.646413	2999.515878	3199.186196	3059.740229	1929.105588	789.505400	775.124791	1148.373189	1289.212259	1289.140177	1709.120957	1360.748328	2083.771618	1359.060830	1995.513501	1184.630811	647.962952	1209.284922	1112.706757	1075.562391	1656.293133	1739.430647	1875.985652	1774.585469	1679.737366	1986.982603	1411.307255	2089.907487	2019.552417	2353.930195	2149.310499	1266.882503	1308.912618	2315.092526	1900.897644	2129.752789	1514.882129	1292.444961	1382.529540	1592.996542	1687.348062	1547.532268	1524.451401	1465.352749	
927.437874	999.842795	2347.229607	1770.560427	709.179084	1096.303993	965.673841	883.044276	1799.002036	2139.326630	1948.708793	5873.561968	2803.533122	4090.472628	7674.652098	6584.612610	4245.855141	5827.469184	20384.935416	50323.288757	361829.163445	75571.685580	15344.539743	11544.545656	11211.431134	9202.888870	1868.260822	1602.456848	3357.647090	3553.856917	4144.101601	4530.602825	5208.387956	1721.783950	1530.677655	2132.395861	2456.186985	2871.174086	2340.433883	3313.867651	1975.611605	1448.440876	1870.727295	2569.013515	2918.642302	2749.624472	2250.209143	1817.453190	1756.852556	1491.854298	1410.844090	1119.868004	2097.312167	1394.343486	2149.134889	2455.728783	1643.940257	1642.705153	2111.702674	1747.607023	1497.653348	1286.229364	1068.496266	1742.719160	1306.864059	2625.974550	1536.509582	514.103124	671.847432	2362.664464	3046.775499	2470.563449	938.261650	1529.163158	832.457818	474.779140	1002.606118	383.299252	384.545286	1404.734307	1432.408721	1658.079566	1064.692412	
521.662960	356.490296	1295.561188	1117.021859	453.172404	725.423193	626.558042	583.086896	1020.661987	1119.052299	1097.453388	3249.867917	1435.182237	1998.918195	3866.394077	2620.852577	1738.874305	2240.387576	4447.490689	5009.362655	75571.685580	384528.475537	83980.733934	26226.253045	14692.825634	6870.717733	1243.222945	1091.190567	1880.671714	2256.108579	2959.920396	3455.383046	3653.255334	976.069894	986.501520	1285.632427	1602.511062	1958.608882	1789.191759	2935.209898	1405.635406	973.356154	1301.947005	2420.430927	3767.933364	3978.521577	2721.847733	1917.219788	1833.341698	1213.608568	1214.903213	843.121162	1978.457008	1207.377894	2348.142850	3441.981745	1967.547256	1726.783776	2463.295145	1585.918520	1258.502657	893.824601	779.517804	1504.345625	1038.238567	2168.329311	852.177480	287.954568	369.298152	1723.279525	2976.290709	2127.757841	576.661081	868.187621	412.808813	265.794480	529.644857	259.368911	240.960356	755.486271	1002.613307	1142.218298	775.516147	
557.231484	617.770023	1167.427203	958.355205	437.765736	664.659533	616.376766	559.244155	960.166645	1114.398381	1049.499391	2738.813659	1473.823386	2025.907462	3268.235856	2274.872140	1617.284428	1837.979225	3332.290902	3951.636481	15344.539743	83980.733934	370498.153562	99757.668863	18276.456860	7360.818602	1559.713466	1254.173608	2012.857032	2258.181920	2656.145517	3453.075259	3062.187978	1099.092572	967.008191	1349.783973	1658.619668	2072.745945	1899.402885	2559.544009	1486.508337	1201.809869	1583.996246	2421.418016	3113.541802	3762.170197	2908.196641	2171.580857	1922.248317	1547.179209	1510.890122	1089.866320	2038.413314	1494.246216	2295.284099	2946.926933	2214.381809	2017.269148	2571.798395	1686.025489	1341.529442	1024.759917	987.446907	1590.722501	1118.434039	1938.884842	798.014420	289.381615	439.664297	1609.589107	2640.158981	1755.624396	706.580788	828.751318	439.316944	293.443941	472.236094	213.231231	228.748592	778.746728	875.817171	1089.945145	838.414692	
519.207516	518.421759	1208.778251	986.049830	422.051850	645.395269	588.286821	544.902694	933.332869	1104.884752	972.702352	2774.916895	1409.732684	2032.263300	3302.555521	2271.317669	1531.477809	1763.897783	2997.573551	3480.256435	11544.545656	26226.253045	99757.668863	399170.543591	45080.707448	10342.102097	1850.319786	1455.802241	2313.814749	2620.855790	3110.377975	3904.485842	3497.364880	1136.144802	1044.872874	1401.591814	1814.968999	2188.855711	1948.599985	2853.973579	1598.445523	1185.902586	1635.854601	2427.043508	3245.876311	3931.653337	2879.962932	2165.999659	2006.341533	1400.681949	1255.829206	1092.368422	2148.709391	1426.574289	2330.926706	3004.842369	2296.083289	2120.475092	2468.209415	1707.049397	1393.518486	1030.786610	1008.842825	1564.699375	1158.716172	1950.172347	848.726000	303.554965	410.922656	1670.486976	2829.424721	1759.650560	639.521630	806.420402	466.181063	318.703647	541.263088	244.076406	224.208780	810.035575	992.363296	1169.713047	845.106228	
787.889605	882.583615	1882.354877	1518.909680	640.766560	973.882985	810.797655	643.526620	1406.843470	1652.487491	1504.659800	4009.648651	2136.131482	3019.179340	4440.191339	3407.304697	2134.884749	2573.071982	4243.580634	4882.772792	11211.431134	14692.825634	18276.456860	45080.707448	383345.237738	70692.431641	3607.789966	2673.593814	4646.042709	4790.257590	5538.756212	6617.177948	5475.068363	1769.586458	1750.418532	2303.592857	2846.497935	3247.782714	2797.801354	3709.246050	2291.109037	1811.226804	2301.553572	2872.580285	3291.765813	3306.720242	2937.899608	2384.175919	2371.428978	1886.173651	1690.238546	1449.365531	2426.047043	1882.023376	2336.471108	2705.219263	2442.445861	2300.681096	2553.499479	2137.731516	1876.456628	1454.618676	1342.338716	2211.754320	1835.395596	2708.523429	1248.356179	543.984311	706.498955	2255.717428	3308.169545	2337.969225	1034.713217	1304.479164	733.964987	473.998671	836.095360	404.629200	408.032234	1348.473887	1415.832538	1584.126352	1211.144126	
2053.683174	1804.577980	4207.261056	2889.257474	1356.002594	2624.772207	1844.398051	1455.424471	3099.257897	3658.688025	2691.233673	5809.594926	3724.748596	4354.946944	6455.662401	6332.276158	4214.237859	4910.933197	7467.648295	7032.232997	9202.888870	6870.717733	7360.818602	10342.102097	70692.431641	322629.461848	26876.911746	12167.854366	19658.550311	13365.362361	10276.532225	9754.757013	8071.697667	4370.476253	3271.286396	4672.907760	4885.430089	4267.080809	3114.552392	3486.978397	2891.377307	2147.139747	2670.655847	2603.261534	1946.258822	1918.516137	1850.092427	1862.037390	1996.110428	1846.632355	1702.870361	1643.669665	2338.551645	1806.384878	1789.334946	1668.469398	1793.195187	1666.686155	1868.723373	1941.059466	1984.043108	1807.144719	1723.527925	2352.857930	1905.794168	3173.503615	2360.148439	1228.428950	1526.686644	3271.807460	2752.182848	2236.583514	1632.484612	2240.538371	1665.637345	1157.611605	1734.747758	961.683151	1148.775270	2354.861231	2077.435559	2310.989885	1703.669066	
6305.938260	2071.865085	3837.234335	5288.210690	8120.369028	6966.170734	7985.704436	9521.051265	6668.905919	5640.968757	5330.539298	2257.079106	4347.685359	3726.960723	2911.598969	4948.725224	7664.332712	9010.394007	6010.738305	6198.679650	1868.260822	1243.222945	1559.713466	1850.319786	3607.789966	26876.911746	299065.239353	112291.388773	33306.768790	12110.670216	9050.362367	4338.785693	2372.989001	8545.725313	8749.893616	6159.915361	3789.338818	2081.311896	2050.772849	1044.007189	1922.512955	2503.169491	2170.365950	1040.007272	437.688095	447.158553	559.632834	606.370265	764.501015	979.014372	809.084339	1630.968695	791.670669	1067.907101	544.896939	324.223785	699.990104	548.586114	491.454826	813.312351	985.972072	1302.820438	1422.828373	911.377247	1324.526517	691.469508	2131.794643	5086.592103	3580.107795	1236.959312	536.698806	683.144257	1628.819487	1496.495640	2305.014958	2806.772578	1758.879495	3334.063305	3989.834909	1371.040440	1669.524375	1178.447525	1225.573903	
5345.724803	1969.342196	3363.048360	4859.762691	6992.069031	5756.809476	6809.992064	7957.554807	5488.111857	4960.329069	4363.685851	2090.229928	3999.850473	3352.663928	2644.196150	4282.352065	6816.670794	7655.920115	4940.132392	5269.886708	1602.456848	1091.190567	1254.173608	1455.802241	2673.593814	12167.854366	112291.388773	288836.939655	72312.047195	15440.295705	11467.760228	4815.851656	2622.173570	9448.196299	9066.976624	5919.672089	3612.987195	2157.806802	2092.279714	1006.737921	1912.941225	2476.386721	2065.111980	1066.054346	467.008196	458.604542	541.473315	622.627837	732.747060	819.605084	762.574641	1577.320211	735.128574	1053.633500	506.338399	295.052308	721.185980	575.821452	456.023725	804.775815	926.487672	1222.783556	1509.317174	906.498188	1321.001350	637.352370	2011.606544	4632.860189	3324.072540	1129.161156	530.957844	643.044715	1528.972502	1323.728808	2163.652765	2541.334943	1598.077605	3080.757320	3632.553087	1262.529528	1542.750365	1074.924789	1138.444539	
2922.495125	2475.926949	4217.394803	3271.309401	2210.722900	3355.948162	2753.063316	2479.328374	3814.999636	4281.291206	3189.396577	3690.324938	3866.405079	3904.826687	4400.136818	5582.826450	5158.615547	5611.893314	6152.565916	5707.876281	3357.647090	1880.671714	2012.857032	2313.814749	4646.042709	19658.550311	33306.768790	72312.047195	269105.302146	79879.840598	27551.054599	12329.321198	7772.219792	9205.661117	5576.773240	6298.332019	5047.224946	3522.343313	2838.972594	2245.920070	2621.249734	2607.008029	2602.859005	1670.582939	964.364930	970.000826	1009.524431	1080.385823	1203.696871	1308.597210	1210.243323	1656.447120	1501.405909	1502.998947	939.259137	729.566645	1101.951502	1045.650308	987.183938	1218.189952	1431.616334	1535.262279	1581.583192	1556.973276	1620.856614	1680.319873	2374.216963	2131.680320	2365.542815	2104.996946	1235.266094	1290.941773	1615.222651	1924.423059	2129.114230	1810.423153	1901.261097	1577.975679	1852.774501	2035.748040	1737.815647	1766.624619	1487.309532	
1904.962596	1684.173068	3182.937527	2438.597445	1543.732830	2544.442701	1839.172677	1576.252878	2710.986730	3127.673276	2447.470047	3375.751739	3015.385171	3059.511353	4142.056319	4874.025226	3897.871381	4220.424120	4755.054993	4538.741345	3553.856917	2256.108579	2258.181920	2620.855790	4790.257590	13365.362361	12110.670216	15440.295705	79879.840598	297660.390105	89684.962194	22099.383164	10311.427120	9125.114952	5272.412939	6333.609644	5491.090941	3624.813163	2813.082944	2591.111219	2573.820095	2252.318690	2595.053294	1837.202476	1243.157627	1251.914120	1179.970587	1275.549616	1287.918225	1385.986676	1192.002144	1552.634015	1732.397576	1427.410611	1036.175570	906.174788	1232.333152	1126.285766	1076.480081	1336.402167	1421.871252	1480.460904	1552.181022	1657.475361	1603.233429	1759.642485	1999.502129	1629.139536	1561.828318	2027.494736	1452.840435	1427.082031	1459.182903	1790.041364	1863.345516	1417.560177	1811.141723	1359.106982	1400.295186	1716.957346	1650.616672	1593.882540	1289.676051	
1737.149951	1354.175814	2751.835695	2277.544764	1492.611631	1960.208321	1718.147235	1517.632755	2225.903461	2711.334801	2211.471340	3319.416349	2690.464481	3128.290958	3920.708401	4043.903773	3362.687282	3637.764788	4389.433643	4221.781774	4144.101601	2959.920396	2656.145517	3110.377975	5538.756212	10276.532225	9050.362367	11467.760228	27551.054599	89684.962194	294258.326532	78318.312551	15674.384866	10124.528702	5523.377496	6049.650100	5345.565884	4020.214906	3071.190771	3206.628987	2808.080748	2519.881863	2730.121447	2267.224041	1755.402317	1660.564983	1470.798643	1476.842407	1531.357319	1502.762715	1312.453376	1564.448348	1814.969041	1597.179795	1284.633364	1211.219582	1419.577792	1282.884451	1332.509340	1453.463801	1558.632266	1523.971736	1601.996450	1774.446736	1672.220493	2043.035376	1956.385205	1633.895005	1613.445613	2119.848413	1791.963050	1778.664052	1526.046417	1813.211231	1707.659230	1321.673360	1551.535244	1275.109929	1331.944437	1769.235176	1662.532893	1624.100415	1235.262503	
1423.026081	1277.900262	2598.258223	1914.299434	888.912046	1517.429100	1250.038264	984.156584	1955.981685	2588.781585	2045.371956	3954.030641	2906.066362	3665.528341	4389.659171	3857.241514	2643.875650	2895.636311	3968.060615	4326.444874	4530.602825	3455.383046	3453.075259	3904.485842	6617.177948	9754.757013	4338.785693	4815.851656	12329.321198	22099.383164	78318.312551	306686.393269	59718.026381	15967.761908	6342.677083	7837.451711	8026.619351	6270.609538	4837.868457	4405.372603	3972.726527	3291.410569	3783.120550	3268.151583	2130.161467	2371.418732	2327.240194	2335.985881	2305.108839	2295.831138	2006.137381	2215.276743	2434.057713	2219.892301	1967.683848	1587.175054	2232.751047	2141.214545	2192.458274	2306.780015	2236.880848	2091.483864	1996.258285	2595.280776	2496.249956	2888.108523	2162.903586	1195.951777	1593.388513	2894.021473	2784.706709	2152.458893	1899.996090	1940.067964	1577.173835	1083.169864	1420.106467	927.811743	1022.759078	2069.774107	1914.379084	1975.081305	1524.587495	
965.390946	1092.642627	2604.719395	2013.752447	563.813148	1156.888269	803.521599	568.235544	1733.323047	1912.413941	1488.357837	4270.467811	2022.499726	2557.917500	4160.098006	3540.677553	2125.863709	2725.097553	4085.613240	2967.988420	5208.387956	3653.255334	3062.187978	3497.364880	5475.068363	8071.697667	2372.989001	2622.173570	7772.219792	10311.427120	15674.384866	59718.026381	351084.249739	52840.168785	10858.318630	14222.231786	9825.118986	8056.434476	4780.326692	6080.068828	3664.279353	2540.117245	3160.637912	3390.833327	3082.557701	2496.980568	2232.116586	2144.051286	2211.938751	1891.536595	1794.954351	1487.992196	2643.494592	1643.936046	1941.118333	2008.600825	1852.391150	1870.425713	2040.471303	1863.602285	2106.727982	1842.271899	1623.567782	2428.498408	1878.379371	3535.329026	2415.956094	765.846474	1067.267372	2950.457190	3011.815264	2745.249221	1334.291942	2179.544608	1502.168906	920.071626	1973.923439	741.377566	748.771919	2489.589482	2063.039681	2291.562328	1464.701296	
3356.739193	2317.491054	3510.229117	2852.312361	2862.816456	2704.801855	3097.571285	3235.700948	3403.555165	4638.182900	4243.690961	2503.484405	4400.769669	4751.066266	3294.043889	4171.989000	5297.905961	5105.531684	4714.797534	5723.911651	1721.783950	976.069894	1099.092572	1136.144802	1769.586458	4370.476253	8545.725313	9448.196299	9205.661117	9125.114952	10124.528702	15967.761908	52840.168785	304823.271070	48014.993768	29418.303201	14124.153222	7057.957952	6428.798185	2559.567839	5683.350451	6504.092875	5390.515772	2748.658779	787.501484	907.364616	1230.137660	1346.799784	1721.647033	2310.747009	1855.894049	3313.889797	1593.990896	2712.019912	1315.636503	594.565679	1328.067407	1153.950380	1119.374162	1906.032726	2070.455848	2624.822583	2737.756150	1974.577743	2740.378582	1270.002495	2928.800154	4363.100057	4198.108273	2294.630245	1075.298494	1377.105058	3311.140317	2610.334027	3689.778914	2938.826649	1913.038734	2629.342351	3412.808486	2393.792285	1977.603216	1771.690029	1816.226114	
3321.998131	1520.464248	2392.771321	2770.973187	3766.710076	3529.780080	3817.964828	4331.236288	3339.438335	3326.468853	2985.871483	1983.396797	2577.195630	2398.149272	2186.389580	2901.440127	3994.834484	4504.447673	3301.479583	3198.771931	1530.677655	986.501520	967.008191	1044.872874	1750.418532	3271.286396	8749.893616	9066.976624	5576.773240	5272.412939	5523.377496	6342.677083	10858.318630	48014.993768	323809.343287	115552.302321	16149.052112	6771.588542	4750.675098	2963.347175	3584.972918	3826.805952	3291.212509	1970.869560	1177.729422	1005.335129	1085.924443	1169.741621	1404.569334	1437.131790	1225.607115	1927.014000	1374.880561	1530.706428	917.325643	858.251808	1013.548204	1007.583552	881.557135	1243.500314	1500.204875	1666.431089	1772.962542	1400.469643	1805.441840	1204.781636	2240.451338	4207.934044	2955.349483	1434.427980	901.288505	1084.729386	1757.141864	1577.783028	2295.708767	2879.433922	2592.921902	2987.222028	3347.258323	1729.480971	1664.355974	1402.794086	1142.683913	
2441.998347	1615.568432	3032.516027	2520.070735	2269.022742	2838.554255	2481.487014	2548.103367	2998.123165	3333.673049	2653.421477	2748.274896	2785.661076	2876.362661	3060.957759	3719.620410	3528.102902	3821.388525	3790.855026	3422.303920	2132.395861	1285.632427	1349.783973	1401.591814	2303.592857	4672.907760	6159.915361	5919.672089	6298.332019	6333.609644	6049.650100	7837.451711	14222.231786	29418.303201	115552.302321	274252.434364	58554.316469	13327.579630	7384.472099	4696.723411	5230.388383	4495.423817	4463.183368	2588.923318	1465.969763	1317.556463	1450.125580	1661.526021	1793.508278	1857.750362	1595.205917	2186.627580	2023.193392	1924.315534	1209.515139	1033.445246	1401.651285	1399.199339	1142.771606	1608.071786	1765.741612	2147.548347	1928.759340	1988.815864	2196.858142	2006.341494	2664.857574	2956.751502	2668.650408	2301.008696	1492.276863	1502.891397	1911.291936	2169.545533	2511.064657	2330.668869	2511.181899	2156.925096	2387.444416	2154.396286	1991.101399	1777.937156	1578.438101	
1756.774987	1462.271161	2464.414896	1860.543770	1315.796171	2004.084084	1680.323623	1370.291914	2140.593820	2727.401762	2105.435014	2939.887602	2537.123168	3109.120438	3396.251276	3652.383896	2833.957527	2911.317846	3453.104904	3552.064924	2456.186985	1602.511062	1658.619668	1814.968999	2846.497935	4885.430089	3789.338818	3612.987195	5047.224946	5491.090941	5345.565884	8026.619351	9825.118986	14124.153222	16149.052112	58554.316469	303402.378968	87505.367355	17141.537687	8765.339143	7648.593624	6326.527712	6170.930959	3739.331849	1956.358184	1713.301034	1908.836915	2077.643954	2355.141259	2476.038999	2169.335810	2936.865816	2583.616741	2459.386281	1615.277814	1206.482898	2132.667381	1980.659474	1667.944166	2043.649178	2263.266488	2354.873875	2344.980996	2511.537891	2964.735456	2441.743900	2415.112139	2149.092209	2238.583883	2485.417562	1831.741025	1867.000383	2084.196432	2271.771216	2227.321010	1859.086221	2420.135438	1695.057957	1737.605401	2406.093322	2127.866758	1878.954900	1525.583454	
1053.718332	956.515383	1763.275998	1331.974250	626.936870	1063.635941	887.271752	694.382112	1365.024456	1941.160722	1618.668447	2850.386633	2228.050797	2827.210427	3045.588896	2653.600557	1738.124804	1934.141999	2692.412140	2937.365051	2871.174086	1958.608882	2072.745945	2188.855711	3247.782714	4267.080809	2081.311896	2157.806802	3522.343313	3624.813163	4020.214906	6270.609538	8056.434476	7057.957952	6771.588542	13327.579630	87505.367355	329229.513163	51310.085472	16617.335806	12236.561141	8554.725193	7986.088559	5502.010128	2917.944448	2483.596433	2684.548961	2712.401308	3144.444431	3129.402557	2706.769081	3215.392990	3031.433752	2961.957945	2197.612022	1611.643918	2301.127125	2385.119524	2311.628658	2432.930324	2624.749235	2478.811833	2405.694449	2767.769564	2827.828548	2965.160473	2259.335711	1436.364232	1735.178648	2799.803501	2422.382079	2121.786605	2158.446965	2070.426937	1734.082074	1269.534814	1758.994613	1029.002555	1064.044331	2251.628964	2098.939295	1976.761644	1455.092011	
974.780648	974.627864	1581.125682	1167.287118	721.143800	962.156003	919.107516	776.001591	1236.331043	1912.943254	1574.957015	2348.873333	2215.339694	2849.750833	2611.025186	2256.185858	1712.140941	1786.230364	2156.376935	2865.175598	2340.433883	1789.191759	1899.402885	1948.599985	2797.801354	3114.552392	2050.772849	2092.279714	2838.972594	2813.082944	3071.190771	4837.868457	4780.326692	6428.798185	4750.675098	7384.472099	17141.537687	51310.085472	315279.031772	93981.652896	25168.972966	14382.927507	11556.013674	6847.778826	3031.391266	2745.440576	3092.040188	3163.741839	3612.316445	3831.003615	3136.158211	3888.251599	3022.105130	3673.913350	2558.311946	1547.247906	2500.900636	2376.361987	2434.220906	2804.581187	2836.085218	2827.499307	2705.117669	2778.795605	2993.232359	2401.214582	1988.267159	1665.015381	1987.765494	2528.429471	2296.065843	1992.727547	2421.472547	2079.458811	1829.985787	1229.369514	1293.659157	1037.837094	1158.088975	1712.655648	1858.899021	1790.477274	1549.708916	
546.387898	547.194423	1376.748472	1013.097885	294.573018	547.475721	430.825843	299.025092	918.512779	1014.400408	870.807901	2524.850777	1220.619407	1742.223739	2459.203859	1837.609588	962.945633	1275.984792	1961.307591	1743.646413	3313.867651	2935.209898	2559.544009	2853.973579	3709.246050	3486.978397	1044.007189	1006.737921	2245.920070	2591.111219	3206.628987	4405.372603	6080.068828	2559.567839	2963.347175	4696.723411	8765.339143	16617.335806	93981.652896	362587.653588	42008.192671	12296.233493	10580.656200	7930.775049	5681.667215	4226.826900	3832.334764	3435.763057	3732.316346	3173.356856	2933.881510	2563.335183	3723.787963	2642.321953	2626.484199	2505.887980	2437.749773	2654.487118	2914.984221	2467.054260	2452.710632	2171.184775	1870.972308	2605.063340	2158.104454	3042.491840	1752.769723	614.947794	871.752481	2604.164525	2933.578491	2553.627498	1266.888653	1728.365153	1049.715930	641.582151	1376.831147	500.994063	520.902856	1711.132259	1658.289314	1772.326070	1163.600864	
