379641.180189	48102.642310	9526.956464	11024.898837	11350.773319	3300.951742	3761.585953	5075.460746	2882.202210	2092.593178	4537.042376	2107.819593	2344.779508	2609.710285	1533.414733	2546.292252	4016.034632	4636.912280	3686.046222	3769.835136	2376.106946	1372.121003	821.495830	584.388483	926.322944	1278.805172	896.998061	788.897648	1047.381867	1304.534003	886.027738	682.805088	809.846132	1033.655858	2504.182807	2893.438252	2750.013414	2690.334455	2655.041735	2392.474962	2184.946106	1510.543957	1667.677176	1246.767804	1089.840774	1275.400210	1227.456358	1163.041850	1011.409180	1311.418177	934.158991	881.704884	694.432753	775.872163	769.679902	621.654069	716.605743	595.157752	483.194150	534.349427	617.167837	785.652297	936.818285	859.278433	804.336366	902.465968	884.479787	889.757966	815.390678	740.174840	705.260392	686.428203	670.801667	598.510156	643.991497	601.050662	443.573482	518.464531	676.535443	570.068866	321.254619	375.228235	510.254528	438.706863	322.393698	432.847287	353.111063	446.976114	551.460058	648.651070	714.417016	842.677884	648.476781	2151.650043	908.226710	620.061430	256.199139	
48102.642310	266831.735230	80614.471238	17517.136645	11148.474548	9541.802022	8066.714262	5370.271508	4558.595155	4710.443997	4059.898254	4375.508429	4336.747962	3935.683441	3782.879039	3127.424198	2540.869857	2901.418006	3569.299692	2382.240967	2877.116554	2575.953544	3029.174368	2485.549924	2105.512879	1770.313423	2394.978845	2409.505294	2141.405261	1955.160722	2299.540403	2265.541355	1932.470305	2817.916991	2710.515858	1266.735836	1059.322953	990.642857	976.348527	1080.007091	1578.910587	2610.865256	1644.037372	1398.392444	1039.340881	901.151994	899.523396	1157.093948	1018.286465	849.611885	868.172442	959.033271	828.280580	771.993789	1394.999903	1174.808434	918.954942	1174.829487	1393.761514	1044.853250	1106.173863	1119.179671	715.922151	654.247963	555.487439	809.249656	620.694045	567.763936	482.679431	474.783700	529.761359	463.309191	724.209925	808.197008	415.564128	521.217600	1031.742943	1014.562644	683.582293	942.756488	1043.820423	1020.857755	688.898584	525.334973	743.091285	404.902289	430.491521	331.447925	421.720772	580.848152	723.202506	759.190354	1624.940200	872.626442	1657.794198	1412.640890	1102.350138	
9526.956464	80614.471238	264667.574425	53092.909657	21305.117958	14751.075200	9422.161193	5383.852258	4709.377362	4540.868443	3763.879581	4079.115994	4003.540369	3574.522726	3591.819049	2677.025515	2114.754230	2238.954105	2736.910345	1951.295903	2634.044502	2532.585316	3135.892898	2578.100149	1980.250427	1650.314261	2322.405138	2425.589221	1917.026682	1819.448441	2069.737038	2172.269145	1954.255804	2646.789135	2231.741962	1040.437593	908.466218	887.359321	895.105447	926.616008	1215.580372	2289.015804	1349.085847	1212.178748	1029.356814	869.763589	880.203089	1005.937613	956.415978	812.269261	868.211300	937.065579	809.726939	737.436251	1239.549844	1101.454875	825.297745	1122.936391	1251.771435	941.945166	930.778965	1082.960898	706.799374	534.806270	590.507762	678.619928	565.240926	559.473445	482.742276	488.735755	539.511115	473.604397	699.906239	743.964390	428.972062	449.769004	1004.851752	915.705819	631.598052	921.727406	1037.748520	1015.207649	669.900829	458.671152	665.463318	345.547238	330.533177	293.021663	408.301520	523.236455	632.244697	661.927674	1354.540815	654.586424	1360.433507	1310.777029	747.872532	
11024.898837	17517.136645	53092.909657	255566.241416	81810.858640	18869.015471	9024.356420	7314.102854	4745.722682	3922.088008	4661.806227	3621.109976	3652.651330	3594.715938	2920.900235	3168.781237	3222.369687	3478.258959	3331.177531	2926.122667	2716.123546	2091.504704	1998.641107	1550.329124	1626.237207	1582.301492	1549.274325	1458.662365	1757.274419	1691.604851	1537.560355	1300.375012	1372.386753	1751.421886	2381.486630	1681.929866	1562.090365	1465.821181	1476.387041	1386.388143	1883.322695	2222.140164	1777.396906	1579.856080	1350.139400	1145.421683	1161.036307	1324.821533	1154.237577	1218.309846	1145.072087	1141.561699	981.051668	947.909508	1227.700220	1052.039649	939.262496	996.429930	950.229343	895.585956	990.585136	1082.432642	910.558726	876.829772	864.376660	1030.513396	825.075957	793.189307	791.585818	671.663439	773.886449	685.016183	807.826870	825.684155	637.180146	660.010008	799.167828	852.636045	806.681694	802.251502	697.901459	721.678608	645.623737	551.575388	635.125989	481.794478	473.531838	463.345678	561.844765	630.758997	667.336764	756.040881	1060.598247	1064.509535	1092.948590	834.214818	507.579299	
11350.773319	11148.474548	21305.117958	81810.858640	237192.677170	52135.562041	13822.378464	10743.357750	6178.806750	4211.315649	5672.201034	3723.319933	3715.291102	3876.508286	2497.753928	3175.107375	3801.523280	4531.125707	3871.825463	3756.107658	3109.614034	2227.672060	1649.366139	1254.245915	1525.556232	1785.125019	1506.360750	1417.041738	1774.136420	1891.438245	1353.062019	1231.661437	1364.642387	1598.203532	2544.020743	2236.232235	2117.720396	2112.821996	2079.406623	2052.428085	2167.494301	2081.792309	2038.520460	1758.777874	1468.857310	1545.268265	1483.819897	1553.718223	1416.555130	1550.863614	1377.574175	1365.541235	1237.512078	1170.496357	1211.807363	1067.383989	1021.563303	970.873597	1009.961863	892.498080	924.024175	1150.150128	1149.422977	1054.660747	1040.412846	1120.396416	1085.930931	1003.636677	1082.580989	955.795867	871.699574	923.369356	992.012950	917.672777	802.163288	742.160351	779.962380	821.022897	886.937059	795.556015	652.385567	641.716447	710.032470	629.891007	555.657384	538.457526	479.643512	556.436016	642.685916	768.082715	726.357938	783.757240	932.802556	1220.092742	1004.527715	753.664934	392.630776	
3300.951742	9541.802022	14751.075200	18869.015471	52135.562041	284228.509190	50260.678885	11517.657969	8245.204794	6786.360744	5026.868467	5406.414618	5133.416656	4001.670541	3871.320517	2836.156656	2224.122199	2297.794426	2635.029198	1861.671537	2621.560367	2908.783795	3312.611878	2822.157132	2419.963860	2032.292992	2395.820311	2638.507402	2318.800069	1982.432092	2259.463677	2305.784126	2206.082294	2766.485187	2119.614971	952.977445	834.722880	758.009349	717.756626	803.282741	1119.631323	2044.369653	1341.245291	1236.558907	1017.832935	826.542588	852.596473	979.019288	1029.727542	809.701768	871.660454	918.138347	876.764661	789.430841	1233.299822	1259.337641	940.737850	1196.932445	1284.125645	1058.425877	1035.742163	1089.424171	684.742206	569.021049	500.865390	686.089248	599.063716	544.939973	493.417090	472.823355	510.863909	468.889897	697.396778	768.895307	413.933100	491.056433	1043.284049	997.546718	670.350130	999.437017	1383.372308	1175.579142	712.145411	529.918047	671.699377	329.380682	418.162838	311.364794	423.513648	465.439286	614.212019	666.296440	1452.892039	629.418659	1453.013298	1271.360269	790.087206	
3761.585953	8066.714262	9422.161193	9024.356420	13822.378464	50260.678885	272678.268269	42550.654459	19406.485212	11978.595300	8057.142067	7654.002550	6723.908744	5213.068433	3675.449278	2997.025567	2570.547480	2900.878004	3255.191769	2331.950195	3107.270606	3273.798288	3157.421832	2760.629337	2743.436881	2650.315788	2994.494676	3198.374889	2586.629847	2300.709898	2468.018725	2473.711456	2537.646011	3044.467515	2583.672732	1152.022847	957.757988	927.350773	871.936231	907.992914	1145.763465	2118.106408	1349.992335	1198.853808	1081.403677	911.438774	909.651225	950.451744	1041.033269	847.704079	972.318552	931.526595	933.011420	887.804212	1375.801466	1263.852204	990.301938	1161.933772	1294.111263	1090.098302	1088.265160	997.391160	729.368614	601.342314	570.499281	667.356490	594.033792	607.226742	534.247770	560.534704	519.533722	525.015751	766.688675	853.346337	452.938590	591.901171	1166.902497	1064.892345	785.580148	1117.390599	1411.869059	1249.435065	843.366493	562.534189	624.879725	301.641695	379.874174	325.304015	472.452408	476.161429	672.685257	814.464326	1587.854395	828.818078	1697.791298	1466.691413	815.967018	
5075.460746	5370.271508	5383.852258	7314.102854	10743.357750	11517.657969	42550.654459	250705.208855	66802.933141	17766.585800	14507.179940	8763.535559	7168.317809	6334.241491	2952.187132	3519.447487	4190.262706	4747.738864	4284.204372	3521.184046	3672.580232	2883.125444	1900.047893	1549.277464	2180.833888	3087.133952	2301.913542	1914.455821	2168.081960	2448.607595	1860.576833	1660.446843	2034.152871	2288.811601	3055.018073	2029.575477	1810.606781	1717.867508	1676.363529	1543.506846	1622.646750	2118.778066	1774.543203	1368.850103	1254.626181	1205.599091	1144.091145	1147.038176	1222.342046	1259.452072	1153.924442	1173.567377	1068.831320	1181.702748	1370.516924	1166.128472	1165.530482	1075.381032	993.185834	912.036981	1019.654924	965.512637	916.911316	852.797428	885.089064	893.617672	882.408243	845.511691	867.969814	808.471932	694.931960	741.155898	905.009891	884.904578	760.837607	829.889959	998.160405	938.953483	1053.501332	1154.314457	1012.846249	889.866996	935.672876	746.996033	500.756039	375.800379	419.098621	503.087201	612.331873	712.696038	845.976540	1046.874777	1170.680445	1576.217304	1518.465183	1222.655648	460.346252	
2882.202210	4558.595155	4709.377362	4745.722682	6178.806750	8245.204794	19406.485212	66802.933141	237025.059190	76387.615941	22040.263045	11695.997696	8345.325223	5850.168138	3250.405602	3044.630531	2944.055489	3308.511976	3347.779281	2432.315597	2954.256200	2633.588521	2425.534632	1904.056242	2165.030886	2636.680396	2352.200415	2209.133745	2026.451624	2060.042927	1880.411109	1794.334687	2064.242507	2405.097010	2558.385929	1341.557537	1166.420518	1126.641819	1077.472802	1013.390036	1208.951575	1797.549035	1294.984133	1101.893223	1016.815340	847.967571	856.956614	913.157970	990.101119	952.645950	902.366670	935.637624	858.548720	925.672708	1143.695202	1074.400255	945.532535	1000.115964	1039.957126	800.211971	918.261134	856.120880	690.291175	624.024154	648.400406	655.893845	633.429371	623.919641	615.222900	578.374545	569.937269	581.402763	714.309806	737.269838	490.836417	626.857570	931.922582	865.719487	855.965250	1022.060553	1079.361781	926.492518	776.653360	624.450457	516.906779	314.341838	342.819060	376.511167	451.223038	583.534093	657.978300	812.930357	1243.521452	1131.193522	1425.249759	1214.556519	508.602685	
2092.593178	4710.443997	4540.868443	3922.088008	4211.315649	6786.360744	11978.595300	17766.585800	76387.615941	239409.727536	77877.130298	17272.599103	10241.009124	6037.625101	4350.104191	3160.004759	2538.330758	2725.414010	2778.632160	2045.925801	2651.290201	2752.605548	2927.015599	2505.390411	2316.822970	2065.643281	2395.414798	2480.263477	2095.939347	1905.538300	2076.737369	2060.075537	2024.450292	2488.397355	2075.046015	947.758373	835.559793	820.542447	779.207433	786.312883	1090.273540	1841.581834	1208.342987	1132.221626	943.572200	849.030444	849.475636	909.278030	929.081852	780.154880	774.687483	815.793969	801.979891	749.571006	1087.120473	1085.944712	792.680198	1032.980360	1125.126291	917.748250	938.641709	864.215148	660.142982	555.209369	479.889374	655.319223	561.037193	537.236253	499.010748	499.990298	494.539340	461.478324	658.835322	687.568136	393.032846	495.966033	919.153094	899.750039	632.645308	906.300248	1139.244573	1079.614346	659.730379	491.844715	575.750318	327.686933	323.521421	306.233616	423.009462	504.943861	602.585435	754.262418	1310.705793	644.314316	1322.029239	1222.643417	802.405549	
4537.042376	4059.898254	3763.879581	4661.806227	5672.201034	5026.868467	8057.142067	14507.179940	22040.263045	77877.130298	247015.581458	37559.727966	14833.757452	8830.829366	4086.526414	4406.085061	4974.269000	5119.028521	4432.251171	3771.995009	3525.484870	2784.585013	2196.707745	1771.270067	2109.661964	2536.307702	2092.881379	1994.043455	2073.546742	2193.631781	1847.313088	1656.320890	1821.616377	2036.836200	2669.550604	2137.394155	1913.528745	1869.712292	1803.978518	1714.898556	1781.528760	1959.404515	1775.708780	1483.724044	1301.077654	1324.080548	1305.053802	1298.402107	1245.064382	1319.741054	1134.824593	1169.479736	1069.901981	1027.950570	1196.634141	1126.804424	1062.836031	1010.043530	977.943717	933.039060	877.862585	1004.491156	856.629620	868.755715	908.070897	925.719747	966.177393	914.704649	904.744293	843.104188	833.247842	758.711846	866.018559	819.390274	738.640918	827.233263	918.196156	929.779210	958.291164	971.678366	926.934206	881.390009	788.621852	642.665088	549.395942	431.170093	446.927010	494.044492	588.046661	734.817874	807.350394	914.291418	1129.382510	1524.244955	1286.493862	1055.015098	451.888845	
2107.819593	4375.508429	4079.115994	3621.109976	3723.319933	5406.414618	7654.002550	8763.535559	11695.997696	17272.599103	37559.727966	256008.972198	83376.015321	12713.662405	6856.718580	4949.308412	3999.351655	4050.722301	3887.911635	2538.709845	3458.494322	3328.029987	3464.561881	2739.892244	2699.624725	2597.148897	2822.859044	2742.734390	2480.927611	2187.739285	2213.813431	2354.101373	2289.514034	2864.264749	2531.077590	1248.914297	1115.728439	1059.536155	978.433166	992.490396	1336.565856	2246.108009	1573.812832	1340.887060	1167.478082	1020.072890	1028.096641	1150.974678	1175.062349	948.127230	980.506307	1048.843043	993.698503	906.586043	1339.431609	1273.115803	1027.066764	1283.229918	1204.312636	1063.866389	1074.164827	1107.120796	747.335339	681.545966	657.059793	750.891883	714.058923	666.552368	663.847298	618.902826	652.777135	615.224378	879.102881	902.927554	523.839868	629.245909	1113.953766	1000.503452	845.985296	1135.622101	1322.076859	1129.752825	803.373602	603.285837	698.776191	331.498449	417.978346	405.952352	486.781626	572.015261	712.160803	846.301318	1418.782417	827.217975	1489.894202	1208.371613	656.971075	
2344.779508	4336.747962	4003.540369	3652.651330	3715.291102	5133.416656	6723.908744	7168.317809	8345.325223	10241.009124	14833.757452	83376.015321	243518.617518	38805.540404	10501.540763	7620.371206	6560.632805	6088.803957	4992.747303	3290.057746	4016.452339	3865.168004	3748.059017	2746.018915	2763.837567	2709.354150	2821.637378	2954.487585	2646.766991	2460.166099	2521.662191	2472.775911	2460.455944	3073.234077	3027.169998	1439.379123	1259.050731	1212.517116	1170.496987	1151.067595	1482.144197	2421.066391	1762.905186	1389.014443	1273.888559	1167.211454	1074.499488	1240.671499	1228.594492	1159.199735	1113.547101	1181.096495	1080.458183	1038.733100	1442.930191	1504.965808	1160.952482	1352.605353	1434.411325	1113.043900	1184.955676	1235.131064	812.789244	763.275748	714.694025	823.802129	763.472747	685.983352	716.470711	676.398849	683.259230	663.189854	948.511548	958.005777	601.459785	741.043126	1242.693323	1098.905928	911.468131	1220.549207	1457.055070	1248.301009	884.365374	670.987672	708.870410	404.470884	427.293058	411.409912	538.771465	642.825160	790.521127	906.564043	1528.062189	918.296437	1527.170749	1290.859285	633.449870	
2609.710285	3935.683441	3574.522726	3594.715938	3876.508286	4001.670541	5213.068433	6334.241491	5850.168138	6037.625101	8830.829366	12713.662405	38805.540404	238887.714867	57405.356452	23746.671109	16142.578360	10997.427469	6940.578106	4738.255110	5302.064234	3989.140367	3348.502245	2634.619145	2761.674715	2813.765470	2796.638342	2457.635373	2508.394951	2524.278608	2266.330095	2038.233286	2295.502045	2662.979400	3133.708756	2117.920556	1802.514256	1697.410151	1646.866910	1570.907045	1958.973530	2796.408882	2210.534000	1845.329950	1741.600541	1486.148528	1407.763422	1587.157272	1612.975511	1413.021133	1559.123611	1566.720914	1376.745496	1365.888432	1749.270707	1596.757224	1415.949204	1441.677734	1360.832715	1135.987067	1276.129144	1305.342153	1157.540260	1140.378160	988.621621	1151.929204	1050.599727	975.624862	925.963276	900.872761	860.262664	855.657905	1191.239690	1162.864243	792.550906	898.876610	1232.943278	1188.744309	1045.360675	1197.402038	1127.576826	1056.057605	931.561124	816.116127	693.726071	525.355981	549.622990	517.991965	644.737463	798.157185	853.212342	926.530204	1211.211756	923.453492	1209.251833	1008.330776	503.836990	
1533.414733	3782.879039	3591.819049	2920.900235	2497.753928	3871.320517	3675.449278	2952.187132	3250.405602	4350.104191	4086.526414	6856.718580	10501.540763	57405.356452	258983.345571	77009.838830	20878.024805	9309.225852	5341.839252	2976.993647	3768.920962	3776.600299	4860.933611	3632.997756	2669.646426	1819.653778	2579.887695	2555.410858	2379.228380	2005.992293	2339.986392	2258.199733	1884.018056	2711.586295	2143.270005	1142.385728	962.924707	891.878118	925.302328	974.044464	1538.401450	2454.209708	1598.178107	1544.309885	1182.597895	1052.393539	1119.914422	1280.184861	1221.203413	969.415827	999.824750	1102.510490	1021.850568	832.428163	1361.709963	1249.497350	966.052628	1325.188626	1446.695595	1204.987803	1128.064960	1261.951691	881.276571	672.922241	581.049571	891.022589	607.135754	609.130047	595.830227	592.716568	669.727828	547.680800	789.987124	921.599888	451.203539	536.661353	1118.679819	1078.950845	655.793587	896.374783	1100.818189	1104.790519	701.175417	498.850151	846.665880	422.159559	443.432480	352.851667	471.190375	548.420764	610.125738	623.302895	1222.383092	428.604133	981.327425	861.158880	595.014859	
2546.292252	3127.424198	2677.025515	3168.781237	3175.107375	2836.156656	2997.025567	3519.447487	3044.630531	3160.004759	4406.085061	4949.308412	7620.371206	23746.671109	77009.838830	216340.694807	77658.035188	23554.923098	8408.134467	5502.762077	5057.067351	3613.875179	3004.808095	2178.441376	2199.850351	1971.664439	2025.113899	1818.065185	2147.191184	2075.933257	1768.621413	1595.701206	1488.420297	1983.162183	2644.146365	2040.327249	1942.488819	1801.095326	1737.703418	1687.347347	1882.514551	2407.832163	2098.134127	1923.450353	1690.786781	1519.379860	1533.543695	1506.954442	1412.135353	1406.253097	1382.208663	1445.178980	1355.809159	1192.377934	1468.720869	1241.019322	1105.926972	1262.498665	1138.334608	1003.773615	1076.206452	1211.086406	1064.906228	974.012694	912.258831	1149.309834	995.862476	953.093388	945.224911	892.418815	940.120856	857.672883	994.878439	994.945433	774.442881	744.910843	971.276084	1003.717694	836.031351	885.475495	829.598452	782.956137	732.856746	671.510743	654.838963	504.309561	555.127926	493.887846	581.496610	804.194198	754.868150	694.453078	894.895626	704.012398	786.423822	626.180784	374.073384	
4016.034632	2540.869857	2114.754230	3222.369687	3801.523280	2224.122199	2570.547480	4190.262706	2944.055489	2538.330758	4974.269000	3999.351655	6560.632805	16142.578360	20878.024805	77658.035188	236650.924174	50517.380753	11981.645887	8954.106739	6132.249807	3337.474331	2068.090242	1407.401623	1802.567012	2260.864224	1689.194569	1380.821725	1958.700022	2126.329062	1511.116265	1129.829844	1366.203309	1569.828915	2886.274829	3237.775203	3049.142394	2851.733498	3000.438376	2698.617103	2346.029769	2398.642419	2458.813172	2273.523736	2023.129801	1986.733582	1731.472151	1758.088797	1799.130033	2099.925072	1757.169562	1739.803777	1529.873239	1622.725788	1396.561394	1219.643206	1221.426218	1093.141115	897.308062	924.925971	1051.015232	1155.152776	1277.579008	1333.918766	1426.218463	1455.615966	1387.824107	1264.012039	1299.016204	1144.564089	1092.106561	1141.370639	1217.392554	1211.965597	1170.726976	989.054245	869.203121	812.811902	981.026708	825.804399	534.956648	546.471904	794.345938	717.398726	536.181905	638.494547	656.529558	656.055750	822.357671	926.558193	873.838583	732.856336	606.781291	1044.523509	681.705660	490.883908	241.246386	
4636.912280	2901.418006	2238.954105	3478.258959	4531.125707	2297.794426	2900.878004	4747.738864	3308.511976	2725.414010	5119.028521	4050.722301	6088.803957	10997.427469	9309.225852	23554.923098	50517.380753	212288.343648	56516.527174	20022.520373	12880.374494	5456.778368	2536.363164	1734.044756	2306.950970	3163.875246	2303.092318	1846.801517	2410.261946	2689.886157	1823.214549	1390.173875	1657.467068	1995.488537	4304.632795	4450.085555	4260.064593	3925.614065	3904.519457	3442.033267	3163.133610	2982.095841	3204.409017	2732.804040	2314.305478	2308.880844	2130.484503	2111.050108	2033.836676	2470.643657	2216.382559	2045.683379	1933.705575	1976.491011	1738.369141	1402.742314	1492.839723	1295.138029	1080.087628	1080.031297	1195.070818	1367.051661	1554.972510	1687.267891	1657.807602	1678.987748	1701.893533	1650.511602	1631.949211	1468.431247	1375.396338	1355.413796	1509.308751	1343.664232	1491.644135	1284.306161	1054.107895	1043.789488	1323.008161	1016.342583	676.013523	688.652832	928.733705	930.697613	624.571717	712.063120	681.391566	791.491500	949.834904	1174.168431	1042.046989	970.942283	763.433707	1355.195670	907.566084	602.424916	213.207057	
3686.046222	3569.299692	2736.910345	3331.177531	3871.825463	2635.029198	3255.191769	4284.204372	3347.779281	2778.632160	4432.251171	3887.911635	4992.747303	6940.578106	5341.839252	8408.134467	11981.645887	56516.527174	212809.492787	56309.980325	30982.906968	8664.957207	4466.020724	2494.961091	3019.671659	3771.622743	2966.626527	2397.290779	2972.904345	3124.040460	2158.118075	1728.857328	1931.677051	2476.021657	4667.814640	3786.139391	3448.298254	3349.670335	3278.816443	3017.853323	2843.645790	3173.744974	3123.569196	2596.544583	2324.842253	2129.752609	1972.941744	1990.928743	2060.934627	2272.659307	2109.286310	2019.479584	1887.149545	1974.777476	2028.423543	1525.402494	1554.696700	1511.520461	1369.562595	1208.711110	1356.158833	1468.243985	1511.580148	1527.369592	1518.821734	1500.467049	1479.425255	1628.270172	1462.729256	1346.633608	1209.874964	1378.529217	1431.912060	1427.600796	1340.396458	1339.338200	1267.730200	1211.223645	1400.216095	1167.853097	863.654871	824.504203	1094.048168	991.221710	791.204016	658.007488	713.995194	818.385612	1000.712341	1119.979524	1064.342584	1033.880987	1007.338746	1175.225521	1079.136704	727.210754	392.830032	
3769.835136	2382.240967	1951.295903	2926.122667	3756.107658	1861.671537	2331.950195	3521.184046	2432.315597	2045.925801	3771.995009	2538.709845	3290.057746	4738.255110	2976.993647	5502.762077	8954.106739	20022.520373	56309.980325	240833.987659	61259.023191	9747.826340	4016.600970	2146.757770	2898.448257	3922.562623	2585.352773	1971.217244	2549.707354	2930.460350	1731.600232	1348.036361	1550.360558	1869.783510	3876.189295	4309.501845	4001.104364	3940.305463	3787.834597	3419.365868	2948.408023	2590.834963	2964.577430	2595.706519	2567.047916	2507.501214	2227.740408	1990.923448	2139.262422	2626.962776	2328.920268	2223.362310	2049.203972	2093.290799	1771.466353	1389.598296	1607.168817	1280.570618	1078.453227	1167.166107	1234.710798	1385.027914	1577.309081	1783.707100	1896.045056	1653.481761	1747.546289	1659.196300	1723.216889	1447.228507	1350.085123	1574.287752	1443.087494	1414.511969	1551.533528	1409.558369	977.625922	1011.568153	1325.131993	915.687110	635.225360	612.846182	943.828345	1035.331020	627.137962	819.980133	755.715369	919.950012	943.906111	1274.451875	996.028612	918.598617	717.416690	1075.617775	728.395730	524.864820	292.035059	
2376.106946	2877.116554	2634.044502	2716.123546	3109.614034	2621.560367	3107.270606	3672.580232	2954.256200	2651.290201	3525.484870	3458.494322	4016.452339	5302.064234	3768.920962	5057.067351	6132.249807	12880.374494	30982.906968	61259.023191	208514.279989	55642.940997	12815.182519	4433.705071	4999.019023	5566.673891	3957.735170	3169.707853	3383.065340	3426.617142	2432.944093	2076.700803	2449.469624	3040.625563	4454.094954	3096.660615	2896.545320	2567.150323	2544.028245	2399.420324	2538.043412	3205.804592	2958.000961	2549.716352	2310.147532	2165.690903	2026.032923	1920.702683	2056.894595	2159.308029	2108.980240	2160.226015	1960.964570	2051.108768	2083.601125	1787.379307	1749.021034	1609.695653	1463.426923	1445.535771	1492.049597	1636.857789	1512.454166	1499.309720	1458.327858	1425.324984	1434.105086	1486.811665	1413.874903	1375.745475	1171.281222	1296.841884	1519.260314	1459.879408	1117.374690	1381.135433	1355.489471	1345.379852	1352.391681	1290.113106	1069.867824	997.985278	1118.768636	1123.315326	815.790568	693.573174	723.501638	698.489435	889.938410	1066.396990	1091.349429	1016.662880	1094.145136	923.240833	1103.565734	762.759480	336.915742	
1372.121003	2575.953544	2532.585316	2091.504704	2227.672060	2908.783795	3273.798288	2883.125444	2633.588521	2752.605548	2784.585013	3328.029987	3865.168004	3989.140367	3776.600299	3613.875179	3337.474331	5456.778368	8664.957207	9747.826340	55642.940997	235228.291251	84885.039436	9424.977810	7124.877107	6628.925330	5235.171602	4380.763867	3793.131365	3397.492351	3231.947839	2970.495466	3267.587859	3463.372651	3304.677617	1827.612496	1710.218572	1541.287217	1519.273332	1504.781090	1808.455248	2708.128501	2120.406510	1945.250906	1722.795125	1532.342036	1410.675687	1572.324963	1540.573732	1501.385513	1472.081573	1601.448363	1450.582732	1408.084280	1786.582813	1629.670869	1410.059655	1569.170645	1420.992348	1423.783285	1421.705432	1523.155843	1146.016526	1071.397913	1070.097447	1139.957886	1084.656658	992.467359	1044.321237	943.891719	932.812474	900.020282	1153.851793	1180.515673	782.765130	932.448282	1376.274385	1280.781553	1073.489810	1374.558321	1558.583342	1394.434769	1122.786464	860.020042	851.890148	514.095968	561.240777	566.812599	699.909134	760.646288	904.588494	1031.647073	1301.328888	684.620738	1158.857151	1020.163639	479.437353	
821.495830	3029.174368	3135.892898	1998.641107	1649.366139	3312.611878	3157.421832	1900.047893	2425.534632	2927.015599	2196.707745	3464.561881	3748.059017	3348.502245	4860.933611	3004.808095	2068.090242	2536.363164	4466.020724	4016.600970	12815.182519	84885.039436	245068.245153	59677.561265	13482.016556	6459.945351	7815.260552	6295.373849	4168.092633	3158.863732	4241.469732	4189.504807	3258.693742	4152.128733	2429.856047	1058.085287	916.525028	971.936274	863.535205	894.755044	1455.067179	2671.135764	1522.240800	1486.575239	1240.785118	1055.679655	1168.744877	1319.517636	1171.247001	944.207943	902.781234	1071.050082	984.396946	865.612162	1618.706825	1588.293762	1189.640298	1647.319640	2009.816668	1487.801033	1389.416240	1452.364879	875.024132	667.530629	554.509314	901.954683	681.172947	624.243225	596.381812	644.357228	729.944255	627.792714	855.196533	998.567133	448.058985	547.148848	1448.220615	1286.888145	779.871953	1142.689103	1758.643282	1580.677886	844.769137	565.680096	1093.258047	479.131648	508.095136	366.817540	531.947755	589.277504	704.586680	736.641472	1640.909129	450.955416	1259.298364	1275.232826	922.330609	
584.388483	2485.549924	2578.100149	1550.329124	1254.245915	2822.157132	2760.629337	1549.277464	1904.056242	2505.390411	1771.270067	2739.892244	2746.018915	2634.619145	3632.997756	2178.441376	1407.401623	1734.044756	2494.961091	2146.757770	4433.705071	9424.977810	59677.561265	287431.285911	66210.380107	12836.790290	12052.618600	7778.043731	4411.053496	3359.970186	4480.674280	4192.278970	3211.860455	3762.525506	2003.911580	804.458855	830.563128	703.242987	760.852868	744.498949	1233.169036	2309.275679	1269.565204	1271.122677	950.862025	917.944213	929.668456	1072.417961	1020.855676	783.987064	824.956398	914.804578	841.490890	665.056196	1472.573138	1422.677277	1015.967256	1513.148277	1824.744096	1181.564272	1196.156379	1198.288720	784.414487	547.779922	493.388617	780.537999	547.358046	506.582617	520.982344	550.151771	632.344906	455.112304	713.253829	890.309931	390.608917	461.708894	1202.186836	1237.782264	677.460076	1115.204530	1646.090416	1486.804609	772.943683	511.802889	1008.409269	377.416474	482.252747	296.351939	462.222787	476.359798	568.827672	599.426071	1499.844772	371.982605	1164.668594	1276.557569	898.883635	
926.322944	2105.512879	1980.250427	1626.237207	1525.556232	2419.963860	2743.436881	2180.833888	2165.030886	2316.822970	2109.661964	2699.624725	2763.837567	2761.674715	2669.646426	2199.850351	1802.567012	2306.950970	3019.671659	2898.448257	4999.019023	7124.877107	13482.016556	66210.380107	246393.966172	74085.701206	22356.618344	9361.452766	5704.446007	4727.289343	4491.570404	3745.697608	3597.160269	3652.747255	2693.210822	1460.614155	1332.941336	1181.756539	1121.412598	1142.209476	1522.025766	2350.468938	1584.557629	1606.944779	1267.262262	1185.595398	1113.235374	1245.780787	1267.529819	1142.906540	1046.740984	1254.450527	1075.405119	1073.101871	1469.249163	1476.790040	1202.542233	1505.293160	1499.383685	1297.589164	1317.207324	1295.622830	960.292959	814.500363	788.305207	984.770346	818.094289	736.595797	778.295820	741.912351	792.168272	758.910864	1016.428545	1055.289285	555.583051	702.971565	1277.731294	1228.151468	914.249773	1224.452285	1488.960029	1400.731310	941.800237	762.345283	909.723333	494.818523	535.049600	483.376232	598.312023	621.398103	790.649165	844.960724	1297.531737	676.643058	1225.300671	1082.168528	640.966379	
1278.805172	1770.313423	1650.314261	1582.301492	1785.125019	2032.292992	2650.315788	3087.133952	2636.680396	2065.643281	2536.307702	2597.148897	2709.354150	2813.765470	1819.653778	1971.664439	2260.864224	3163.875246	3771.622743	3922.562623	5566.673891	6628.925330	6459.945351	12836.790290	74085.701206	241472.516114	64468.821029	12700.226954	7394.429616	6777.021201	4819.234557	3675.860706	4219.669376	3674.241708	3745.105459	2306.710526	2112.745477	1883.241380	1837.534180	1597.506096	1667.348707	2135.391816	1935.140144	1653.100976	1565.035234	1499.173541	1317.680903	1357.265493	1451.520885	1477.170689	1389.382525	1454.425318	1464.618818	1422.781700	1627.227116	1462.438199	1527.925109	1311.754968	1173.645331	1172.178585	1288.470162	1128.515577	1053.190304	1097.928526	1111.056461	1057.306681	1117.722871	1083.927544	1088.753852	983.754620	883.317653	957.555179	1177.946087	1137.911651	876.637416	1072.277238	1281.174195	1156.912618	1224.519650	1464.384264	1450.549704	1253.354915	1171.513676	958.125782	628.764343	463.112604	515.754121	574.588983	726.658298	870.447040	912.160047	1112.625300	1204.688627	1211.405008	1396.291112	1254.017068	448.924082	
896.998061	2394.978845	2322.405138	1549.274325	1506.360750	2395.820311	2994.494676	2301.913542	2352.200415	2395.414798	2092.881379	2822.859044	2821.637378	2796.638342	2579.887695	2025.113899	1689.194569	2303.092318	2966.626527	2585.352773	3957.735170	5235.171602	7815.260552	12052.618600	22356.618344	64468.821029	260019.119978	47336.595880	11584.957612	7815.328595	6877.277872	5742.656351	4784.660679	4940.970487	3406.579767	1712.046772	1440.171089	1324.323893	1336.190262	1183.476690	1426.864294	2443.283471	1607.976840	1469.615918	1281.004084	1176.969350	1102.193121	1183.565017	1203.494595	1134.727455	1140.147702	1229.783759	1065.841705	1030.413741	1719.627848	1629.525243	1254.160585	1477.097322	1609.370576	1234.089073	1306.330989	1268.139884	954.066688	754.134693	803.554043	882.448339	865.172885	789.525787	765.365955	773.997391	779.657616	697.110805	996.664782	1039.057441	605.060211	813.094466	1515.611762	1329.050409	1042.981333	1409.125664	1749.184921	1612.994095	1099.114315	796.323224	847.321005	433.319078	497.825932	432.578809	604.398862	647.260683	760.762904	963.487844	1577.051045	738.155347	1604.347464	1574.383152	897.969664	
788.897648	2409.505294	2425.589221	1458.662365	1417.041738	2638.507402	3198.374889	1914.455821	2209.133745	2480.263477	1994.043455	2742.734390	2954.487585	2457.635373	2555.410858	1818.065185	1380.821725	1846.801517	2397.290779	1971.217244	3169.707853	4380.763867	6295.373849	7778.043731	9361.452766	12700.226954	47336.595880	286824.233019	42054.497819	15255.575330	11925.138695	8145.450587	6435.625228	6011.940724	3472.147326	1505.276623	1250.908110	1192.971308	1095.202586	1018.672956	1420.968585	2231.456300	1564.195465	1407.058407	1271.095976	1141.870782	1227.803932	1223.838620	1309.331182	1060.515319	1104.668598	1196.035134	1119.759663	970.928099	1617.040193	1438.212523	1190.316562	1573.956451	1945.351190	1520.850798	1522.689962	1316.115818	927.397750	737.799060	757.967749	922.753238	767.308916	776.177836	800.189754	714.596816	797.129028	733.690188	946.899197	994.415739	564.605752	680.961199	1382.676042	1309.976564	932.737869	1522.335501	2005.420812	1765.955718	1045.004520	784.054890	964.108373	442.036022	489.673787	460.572715	581.784222	691.347245	766.618829	976.418314	1723.570463	716.458763	1695.498310	1753.806063	1055.351368	
1047.381867	2141.405261	1917.026682	1757.274419	1774.136420	2318.800069	2586.629847	2168.081960	2026.451624	2095.939347	2073.546742	2480.927611	2646.766991	2508.394951	2379.228380	2147.191184	1958.700022	2410.261946	2972.904345	2549.707354	3383.065340	3793.131365	4168.092633	4411.053496	5704.446007	7394.429616	11584.957612	42054.497819	253705.956103	66760.997883	21373.161156	8390.553481	6223.467640	5908.285694	4711.611308	2537.330663	2281.638921	2037.176961	1840.433216	1769.657137	2074.209277	2998.815325	2293.527580	2044.340652	1889.678256	1726.175963	1598.529804	1774.975404	1744.916582	1695.079231	1599.463610	1737.745563	1654.355959	1456.365309	2001.303345	1774.617551	1603.170786	1879.197926	1884.874958	1601.113818	1694.901462	1701.059568	1335.154413	1145.994189	1238.848853	1383.261359	1200.261007	1214.341551	1204.391510	1100.476629	1129.190404	1042.229242	1459.772170	1421.752603	871.904954	1013.019316	1600.081202	1458.232899	1290.420204	1520.859809	1664.313671	1520.785165	1221.464418	969.059666	1095.880514	662.383589	737.842524	679.151026	801.522184	952.914778	1007.881651	1015.900054	1426.330450	838.666340	1266.583515	1103.233982	812.885894	
1304.534003	1955.160722	1819.448441	1691.604851	1891.438245	1982.432092	2300.709898	2448.607595	2060.042927	1905.538300	2193.631781	2187.739285	2460.166099	2524.278608	2005.992293	2075.933257	2126.329062	2689.886157	3124.040460	2930.460350	3426.617142	3397.492351	3158.863732	3359.970186	4727.289343	6777.021201	7815.328595	15255.575330	66760.997883	216366.958700	78015.364270	12844.620936	8514.716028	6750.595835	5776.333455	3350.334820	2999.606799	2587.033421	2320.703914	2154.171292	2283.628884	2986.489433	2550.922684	2298.457602	1937.926815	1904.104711	1849.431774	1849.736501	1793.573837	1767.256976	1821.500212	1802.349569	1632.974749	1664.898680	1940.494278	1696.697400	1539.620002	1658.390030	1694.343223	1482.714907	1525.587861	1616.595992	1426.645169	1444.685813	1345.259617	1460.748185	1539.016903	1421.874419	1431.713745	1317.988017	1282.556029	1367.122885	1477.357284	1497.530761	1058.284580	1181.731746	1480.822555	1434.090806	1361.538212	1466.009780	1526.553519	1416.674646	1233.823557	1100.429744	1012.794623	698.316247	794.142124	727.287489	936.181443	1065.007852	1072.957378	1183.605412	1371.488950	1165.639047	1406.929920	1147.515801	640.496318	
886.027738	2299.540403	2069.737038	1537.560355	1353.062019	2259.463677	2468.018725	1860.576833	1880.411109	2076.737369	1847.313088	2213.813431	2521.662191	2266.330095	2339.986392	1768.621413	1511.116265	1823.214549	2158.118075	1731.600232	2432.944093	3231.947839	4241.469732	4480.674280	4491.570404	4819.234557	6877.277872	11925.138695	21373.161156	78015.364270	228777.786200	57474.943716	17261.563291	10493.800877	5456.377844	2451.755566	2038.671949	1894.849818	1545.166858	1552.230325	2038.588414	3039.853216	2082.043177	2146.441398	1700.100485	1397.638168	1483.128814	1708.825221	1701.172210	1396.610862	1385.214860	1441.882571	1407.738778	1160.896345	1819.002740	1547.091390	1351.641907	1747.404959	1994.220055	1532.828241	1614.663899	1623.731027	1190.323186	1111.399869	1035.355141	1318.957149	1072.929481	1068.107519	1051.836158	1018.872313	1005.738990	942.430839	1186.035704	1267.490178	698.576304	848.893272	1579.126775	1559.279808	1043.892213	1453.138956	1790.036074	1623.018989	1128.500630	781.224872	1157.740846	587.958253	632.061981	493.002274	662.790205	758.041903	917.059046	967.108459	1566.179728	737.745704	1426.481945	1310.820441	808.408054	
682.805088	2265.541355	2172.269145	1300.375012	1231.661437	2305.784126	2473.711456	1660.446843	1794.334687	2060.075537	1656.320890	2354.101373	2472.775911	2038.233286	2258.199733	1595.701206	1129.829844	1390.173875	1728.857328	1348.036361	2076.700803	2970.495466	4189.504807	4192.278970	3745.697608	3675.860706	5742.656351	8145.450587	8390.553481	12844.620936	57474.943716	239986.015066	94503.200832	19774.959391	6207.406226	2409.137152	1901.838227	1737.672496	1519.424304	1405.165973	1663.145059	2756.485744	1769.169960	1688.871132	1413.995260	1228.599193	1221.823720	1259.420765	1348.623561	1179.787009	1156.543588	1284.731971	1119.229095	1045.881107	1674.931568	1510.341143	1229.971844	1615.190156	1815.777781	1436.982156	1380.213645	1350.496351	924.452358	841.061018	785.291669	932.927087	834.044668	859.853695	834.240785	790.874420	830.446060	772.849192	1034.543856	1078.126404	569.184413	675.708384	1519.235157	1320.551610	927.001102	1389.075073	1871.952762	1704.306586	1079.661236	715.948422	927.953501	455.887625	554.880184	419.611433	600.401429	696.882384	773.318280	905.395949	1649.721373	649.799847	1511.031607	1515.644635	915.192421	
809.846132	1932.470305	1954.255804	1372.386753	1364.642387	2206.082294	2537.646011	2034.152871	2064.242507	2024.450292	1821.616377	2289.514034	2460.455944	2295.502045	1884.018056	1488.420297	1366.203309	1657.467068	1931.677051	1550.360558	2449.469624	3267.587859	3258.693742	3211.860455	3597.160269	4219.669376	4784.660679	6435.625228	6223.467640	8514.716028	17261.563291	94503.200832	230855.749799	64877.193091	9475.480375	3483.676557	2759.601847	2310.126927	1986.936106	1784.986477	1993.061869	3131.186301	2134.238113	1729.493848	1620.888942	1509.497545	1392.962635	1410.583710	1482.570412	1387.743917	1393.823380	1354.908168	1293.406813	1204.705454	1668.647335	1563.028100	1395.121306	1517.996586	1596.284114	1403.628929	1422.654896	1428.787577	1101.796811	1030.770890	961.054577	1064.627861	1049.344679	967.633333	991.112506	959.995656	930.851639	919.119238	1209.150054	1180.209987	743.641966	928.366848	1469.823595	1391.739383	1059.016839	1648.250268	1885.813056	1661.549094	1205.369882	879.864076	842.734560	461.653869	544.331013	497.787311	656.397421	709.204230	938.448802	1095.869759	1634.581836	916.089338	1632.307921	1555.008309	764.546867	
1033.655858	2817.916991	2646.789135	1751.421886	1598.203532	2766.485187	3044.467515	2288.811601	2405.097010	2488.397355	2036.836200	2864.264749	3073.234077	2662.979400	2711.586295	1983.162183	1569.828915	1995.488537	2476.021657	1869.783510	3040.625563	3463.372651	4152.128733	3762.525506	3652.747255	3674.241708	4940.970487	6011.940724	5908.285694	6750.595835	10493.800877	19774.959391	64877.193091	258853.386895	30250.829285	5298.276695	3867.618337	3193.458863	2702.451795	2296.592262	2863.496919	4991.299773	3026.098178	2241.633294	2000.957199	1676.042310	1656.143734	1803.754245	1815.054552	1526.578296	1620.854268	1690.279819	1591.063220	1513.125736	2247.698803	2124.893580	1733.600243	2163.076559	2196.214333	1886.206132	1776.242991	1814.604547	1280.602453	1098.488207	1059.890103	1273.007546	1146.771259	1173.999643	1061.915234	1039.608445	1105.553468	1006.158140	1464.346195	1589.460815	838.715421	1070.026346	2065.006770	1925.948167	1438.012439	1895.734826	2326.523055	2054.500549	1463.448412	1008.359012	1199.112950	536.332268	630.550556	595.798806	823.388081	973.089158	1161.534500	1271.264355	2156.111524	1041.929634	2097.391306	1867.851659	1080.315922	
