516495.920731	103923.030145	18485.839223	15338.161378	11905.667444	8926.934753	6918.483405	6249.667296	6636.707265	5125.175349	6174.287779	4956.765198	4424.967513	5274.789480	4850.375485	4044.597771	3807.295560	4619.951723	5233.116891	3954.167064	1618.963228	1757.432398	1280.385607	1534.917488	1299.844703	444.574453	1045.140341	1164.872272	1634.723140	950.193158	1132.325209	1686.112274	1892.403175	3123.741309	3661.066839	1881.927185	2194.698117	2902.099677	2821.392534	3060.890898	3320.049874	2177.783985	2940.891514	3370.234238	3523.268884	3000.057463	3551.321413	4561.187731	5357.122918	3854.985114	2489.329189	2214.092148	3134.767137	4399.163409	3744.672813	3107.298682	4325.801226	5439.147711	
103923.030145	470419.647328	96609.816346	27098.610295	16142.072309	8859.573444	7676.707475	6447.061540	4233.497275	2145.912114	5986.901284	5052.965905	3967.510112	4566.812261	4374.252138	2859.598949	3650.149968	5069.421716	5954.750634	3033.301496	603.511237	671.734646	406.791583	486.020015	433.905729	124.480515	286.698463	281.395846	693.745841	287.477433	381.649533	764.283157	859.592357	1708.811217	2489.033101	807.763321	1274.083753	2645.626285	2511.929557	2495.978008	2593.913277	945.783361	1517.590497	2892.997138	3584.359395	3248.715270	3075.246704	4783.756875	4417.645882	2004.379880	1105.352300	996.699851	1310.037165	2332.020679	1420.399628	886.737008	1515.672426	2027.392640	
18485.839223	96609.816346	499240.048807	92345.462386	20506.461794	9081.426563	8702.919656	6897.246915	3906.778026	2367.121799	5203.745260	5403.941893	5032.350902	3731.499441	3917.154685	2313.441626	3313.611027	4155.627828	4455.483901	2398.568314	673.410243	824.131448	462.982325	632.713475	511.783521	210.052215	298.617590	296.849040	615.644097	213.435922	301.140828	629.700083	725.555663	1561.368996	1892.448204	1017.204337	1170.449213	2105.742485	2310.039221	1850.806326	1901.829480	728.205321	1706.142970	2274.253321	2765.122441	2644.443737	2283.945580	3645.950490	3158.537445	1526.248933	1144.486773	1131.237524	1056.669014	1683.377603	1037.268528	841.856581	1496.153566	1546.497052	
15338.161378	27098.610295	92345.462386	449153.318005	94990.411736	24962.390855	13141.319174	8936.120722	6380.205564	3222.432586	5914.759591	5531.068589	4028.383056	5701.608284	5115.055357	4401.815851	4512.127482	5427.990959	5112.675767	3178.377067	657.058870	853.818726	521.254474	646.931684	622.704945	242.804802	381.048647	353.475603	769.667145	377.085148	477.654783	1003.125495	1184.764246	1798.303180	2363.603905	846.532479	1533.168482	2726.150733	2908.048148	2860.678097	2900.898983	1405.623998	1759.602444	2869.241564	3885.383033	3399.024140	3818.726412	4510.142930	4033.279584	2560.758823	1208.792821	906.183726	1306.475552	2044.005066	1269.535331	857.977475	1329.821582	1259.167217	
11905.667444	16142.072309	20506.461794	94990.411736	431733.601262	104638.274908	22233.568410	12464.283897	8341.249899	3482.500350	7166.275613	6120.405817	4019.198515	5916.957634	5743.904689	4485.513696	4862.303405	5705.470035	5693.404051	3606.714186	703.665245	845.706796	532.227450	679.319746	618.824827	166.226539	385.962398	398.185958	943.506304	347.804068	490.871629	1306.484074	1405.680455	1985.012779	2505.013240	784.395754	1602.079387	3014.015837	3097.049971	3204.510806	3218.982202	1509.377099	1921.596398	3206.685089	4096.985702	4013.382697	4057.289748	4814.130960	4153.653381	2637.639888	1221.595403	895.302390	1322.156847	2172.987539	1283.018077	833.067993	1234.635057	1577.545103	
8926.934753	8859.573444	9081.426563	24962.390855	104638.274908	445588.671934	79497.107557	18902.190756	12762.781085	5738.964956	6716.185169	5015.911683	3241.462482	7240.616869	5842.521848	6970.132160	5391.250179	5227.357309	4667.463701	3302.509923	1007.328161	1086.881004	868.654754	963.019463	889.452309	388.173391	750.103294	872.939832	1562.995121	821.492373	1094.279442	2035.748522	2316.505392	2163.236321	2226.765418	856.336768	1738.554090	2805.599895	2917.875165	3662.410903	3486.688572	2789.723300	1944.970813	2964.638104	4267.722902	3365.509499	4178.232239	3681.632028	3931.407557	3618.171265	1333.674708	953.834635	1624.360864	2327.204796	1612.853971	1010.028835	1109.002529	1143.074724	
6918.483405	7676.707475	8702.919656	13141.319174	22233.568410	79497.107557	487021.810148	83065.223075	16773.446957	5468.319807	8768.811365	6904.885636	5223.308094	5303.616116	5145.232481	3776.367553	4362.913034	5571.565573	5621.132955	3723.721624	987.796761	1191.109195	744.540466	885.590537	823.505796	175.532560	446.249306	473.813484	978.472461	387.842949	528.719621	1167.274166	1273.918696	2226.808903	2472.759040	1084.988547	1742.405884	2883.096020	2975.335390	2459.269059	2483.408022	1281.390590	1820.495745	2776.353660	3139.287129	3053.064031	2876.920450	3681.344285	3700.696205	2249.177174	1393.183974	1186.089113	1466.123673	2138.146133	1205.526320	904.978012	1383.515847	1395.630048	
6249.667296	6447.061540	6897.246915	8936.120722	12464.283897	18902.190756	83065.223075	486610.175357	70999.716396	8346.679526	14025.617979	9093.180659	6012.051545	5460.126696	5252.292493	3475.884121	4171.470290	5540.089969	6655.247552	5434.248378	1203.009158	1444.278837	805.417416	1037.392667	895.503385	356.983584	557.429416	500.879086	1262.176395	425.333710	700.919236	1625.674840	1708.819166	3141.632910	3349.340486	1339.939319	2227.022878	3504.361158	3226.690032	2573.826697	2864.671775	1330.232570	2281.572610	3243.296336	3148.041540	2946.373838	2665.774642	3774.970105	3824.359100	2669.952156	1667.231678	1535.279192	1752.746157	2875.963320	1472.396945	1133.657023	1850.862253	1982.203735	
6636.707265	4233.497275	3906.778026	6380.205564	8341.249899	12762.781085	16773.446957	70999.716396	398765.152094	64795.944291	23799.215889	9739.031096	6760.255059	7741.690448	6191.829327	5429.617920	4679.081771	4449.947032	5717.802902	9101.493574	5421.962300	5556.039867	5187.644553	5319.413045	4543.339103	2422.850609	3978.219996	4334.574734	5493.135074	3756.527763	4282.360045	4927.552437	5507.534573	6428.493388	6164.551999	4289.253567	5010.642026	3765.689538	3201.621807	3434.066386	3847.013922	4740.258367	4866.276934	4834.630399	3019.076716	2573.990856	3083.077423	3034.926182	4137.643934	5538.229378	4619.897637	4313.587630	6140.689523	6040.979497	6189.545946	5096.813360	4012.874809	2624.348853	
5125.175349	2145.912114	2367.121799	3222.432586	3482.500350	5738.964956	5468.319807	8346.679526	64795.944291	391595.179511	48686.600960	13602.322890	14164.414611	7036.857962	4504.170446	4851.725962	3132.933196	2660.702413	2711.399798	9349.047009	15883.112773	14859.653651	14100.496455	14639.230663	11666.971665	6006.378538	8229.287270	7555.458918	4740.328531	6095.824579	6238.490382	3253.326870	3735.287018	6615.559718	6131.587329	11978.779501	5807.443732	1680.667344	1948.459314	1973.965837	1922.087142	4551.018845	7159.140326	3026.382077	1519.677088	1110.732250	1904.071220	1512.279347	2553.738017	3571.274837	9027.295083	10064.298064	9870.484525	5033.338286	9036.179741	10797.982718	8055.028908	2101.065594	
6174.287779	5986.901284	5203.745260	5914.759591	7166.275613	6716.185169	8768.811365	14025.617979	23799.215889	48686.600960	466011.808394	67693.029895	14127.050549	11162.686027	8973.632011	5334.343200	5971.153902	7400.140634	10365.171891	10555.745877	2126.865100	2557.529015	1332.450193	1823.828666	1485.707520	457.734896	1021.733703	1050.406718	2546.965922	756.242659	1237.774643	2534.383645	2929.843469	4704.815836	6068.922997	1878.782770	3226.731944	4496.439604	3455.618115	3221.897573	3841.357527	2079.635748	3227.234636	4489.956727	3744.385491	3359.792303	3064.452349	4036.738896	4801.008156	3851.571219	2527.246099	2222.178497	3163.173555	4803.042361	3062.666038	1967.182632	2723.687242	3027.714217	
4956.765198	5052.965905	5403.941893	5531.068589	6120.405817	5015.911683	6904.885636	9093.180659	9739.031096	13602.322890	67693.029895	439755.944357	112108.356466	16351.983853	10777.961687	5447.871219	6529.097791	7987.570772	8730.265703	7662.763923	2961.058246	3406.107866	1931.134170	2592.628303	2149.645387	602.047643	970.736860	815.233719	1331.812788	628.946437	885.935384	1427.435689	1625.256542	3229.609862	4382.950271	3324.746415	2971.256225	3235.242636	3422.910011	2540.403873	2393.348038	1382.629486	3443.949558	3531.086842	3136.945527	3008.411489	2714.449387	3721.261855	3540.267047	2377.105877	3162.057568	3177.693491	2295.874075	2687.844640	1946.025424	1966.604372	3325.222796	2233.619838	
4424.967513	3967.510112	5032.350902	4028.383056	4019.198515	3241.462482	5223.308094	6012.051545	6760.255059	14164.414611	14127.050549	112108.356466	461364.386903	51705.543872	14853.570041	5885.462593	6476.841279	7033.259492	6457.632988	7413.741700	5294.060524	5582.343420	3283.367401	4324.316864	3324.525376	1144.051612	1404.638793	997.305036	1240.420224	776.110508	929.609437	1093.409770	1180.355226	2823.974049	3947.644074	6147.360946	3136.246974	2254.439529	3039.657604	1924.614912	1841.032090	1138.439978	4389.042861	2717.797533	2258.151260	2105.420583	1916.070670	3030.531303	2877.017805	1772.861432	4927.189458	5051.582854	2622.415478	2113.573005	2018.677763	2649.215560	5058.139084	2309.424346	
5274.789480	4566.812261	3731.499441	5701.608284	5916.957634	7240.616869	5303.616116	5460.126696	7741.690448	7036.857962	11162.686027	16351.983853	51705.543872	411885.337137	113431.254076	36487.079414	20621.308665	13544.377741	8972.827095	6532.942293	2259.751055	2447.855023	2043.369175	2153.307181	1860.013298	837.513759	1389.201730	1516.999130	2384.309876	1367.912017	1572.544022	2586.512496	2974.237094	3201.716690	3094.609505	1467.040401	2659.166127	3375.134678	3251.137139	4205.011848	4033.385747	3647.538992	2732.813547	3744.210072	4182.242235	3328.481614	4021.401740	3590.679895	4220.368808	4294.020881	2007.059818	1440.171056	2392.518327	2974.387019	2363.041976	1535.837393	1581.945370	1537.429871	
4850.375485	4374.252138	3917.154685	5115.055357	5743.904689	5842.521848	5145.232481	5252.292493	6191.829327	4504.170446	8973.632011	10777.961687	14853.570041	113431.254076	416350.296933	80151.896996	32829.060650	17542.795251	10132.089913	6887.489338	1999.556335	2181.452835	1464.397970	1708.596951	1454.389327	525.534154	923.425549	910.459211	1925.983772	836.453463	1148.208925	2146.977185	2403.440477	2916.612897	2997.571212	1250.777743	2253.248349	3252.179726	3237.720936	3537.397155	3700.863594	2637.396234	2576.001718	3353.468421	3737.288840	3525.877077	3529.229489	3581.417492	3870.044337	3195.986805	1651.291431	1305.434390	1809.987289	2532.924843	1757.985611	1170.644933	1440.192055	1627.530023	
4044.597771	2859.598949	2313.441626	4401.815851	4485.513696	6970.132160	3776.367553	3475.884121	5429.617920	4851.725962	5334.343200	5447.871219	5885.462593	36487.079414	80151.896996	436018.891040	105480.899502	23740.790527	8856.714649	6214.244488	2488.156598	2374.772005	2297.396336	2084.912391	1858.442428	606.057152	1448.770834	1652.151398	2584.293856	1619.177825	1786.305585	3102.603440	3617.007173	2831.501603	2351.034908	1095.328757	1995.238128	2691.708915	2886.473089	4156.371888	3992.746699	4610.923840	2096.424369	2861.837439	4077.798956	2777.000033	3936.494848	2737.157036	3503.078364	4380.514778	1452.901672	973.474080	2021.993985	2648.276029	1990.342316	1155.518066	969.053682	1004.634813	
3807.295560	3650.149968	3313.611027	4512.127482	4862.303405	5391.250179	4362.913034	4171.470290	4679.081771	3132.933196	5971.153902	6529.097791	6476.841279	20621.308665	32829.060650	105480.899502	423817.258365	100093.174926	16966.140496	8346.723799	2144.024376	2218.268898	1525.595268	1586.495921	1352.676407	393.946300	819.050719	862.933061	1729.595828	736.350966	950.056481	2145.931208	2414.304998	2684.895617	2672.703039	1057.031831	2054.575822	3148.911040	3164.032689	3650.942452	3631.005377	2345.550271	2039.961495	3101.790683	3754.930299	3281.415397	3521.748316	3295.142338	3461.362938	3092.293649	1340.765020	1067.609800	1545.796591	2250.975814	1444.890304	999.722860	1113.079673	1329.650114	
4619.951723	5069.421716	4155.627828	5427.990959	5705.470035	5227.357309	5571.565573	5540.089969	4449.947032	2660.702413	7400.140634	7987.570772	7033.259492	13544.377741	17542.795251	23740.790527	100093.174926	444155.263328	80370.289465	13134.079381	2451.963291	2400.138793	1458.289811	1552.482748	1255.826036	335.909618	640.513030	626.712173	1491.545676	560.267807	780.917908	1808.130365	2009.316015	3102.004064	3658.725685	1156.143933	2212.798315	4002.312137	3809.115951	3815.805864	3457.581640	1715.878081	2003.555066	3626.668166	4207.858939	3868.590222	3690.176673	4653.492724	4131.872687	2873.377706	1416.405735	1123.047579	1534.878804	2603.196935	1391.065688	928.153026	1425.941852	1734.300548	
5233.116891	5954.750634	4455.483901	5112.675767	5693.404051	4667.463701	5621.132955	6655.247552	5717.802902	2711.399798	10365.171891	8730.265703	6457.632988	8972.827095	10132.089913	8856.714649	16966.140496	80370.289465	463865.631149	76827.396546	3721.249620	3506.025600	1839.789815	2162.593760	1629.713381	360.860860	725.270863	779.617900	1965.174559	600.044086	893.193564	2520.647092	2691.607907	4400.717003	5587.965452	1465.878721	3050.343774	5276.034595	4227.859563	3893.104754	4203.909288	1565.635970	2281.652123	4442.477197	4536.222796	4036.211977	3471.980010	4873.163409	4771.505316	3263.827571	1686.029382	1463.678403	1989.233624	3627.162713	1909.090180	1244.730161	2069.408249	2844.595560	
3954.167064	3033.301496	2398.568314	3178.377067	3606.714186	3302.509923	3723.721624	5434.248378	9101.493574	9349.047009	10555.745877	7662.763923	7413.741700	6532.942293	6887.489338	6214.244488	8346.723799	13134.079381	76827.396546	381919.114418	68805.338157	34571.884728	13473.066316	13771.000591	8696.681298	1612.445385	3033.927325	2681.946035	4809.527008	1955.270342	2811.387885	4882.378210	4595.246774	7233.280936	8712.291215	6162.773659	5209.009312	4766.934178	3757.269603	3313.943468	3990.144504	2525.891057	4627.290864	4776.681266	3137.082614	2702.439693	2638.121036	3238.306521	3745.180866	3875.239030	4579.515310	4586.353704	4122.078197	5182.855951	4275.532226	3662.277005	5726.663466	4121.226329	
1618.963228	603.511237	673.410243	657.058870	703.665245	1007.328161	987.796761	1203.009158	5421.962300	15883.112773	2126.865100	2961.058246	5294.060524	2259.751055	1999.556335	2488.156598	2144.024376	2451.963291	3721.249620	68805.338157	337553.134163	133692.311212	68550.053577	37446.814013	23481.043400	8528.029026	9498.603469	8090.447908	4075.027972	6659.385491	6676.066934	2526.803565	2489.680191	4428.635422	3479.188156	9738.582649	3791.488070	769.980089	873.824476	793.432724	720.256750	2479.064983	4102.109319	1372.332257	588.484910	482.502410	706.492969	528.316190	906.617176	1361.029542	5721.706757	6704.654592	5546.495705	2290.461047	5219.321738	7518.630817	5466.278819	1075.615264	
1757.432398	671.734646	824.131448	853.818726	845.706796	1086.881004	1191.109195	1444.278837	5556.039867	14859.653651	2557.529015	3406.107866	5582.343420	2447.855023	2181.452835	2374.772005	2218.268898	2400.138793	3506.025600	34571.884728	133692.311212	332301.016749	95851.429920	45551.189747	27617.541940	7059.338403	8684.563574	7136.602357	4497.164064	5447.653396	5673.925935	2901.872833	2616.728633	4575.734359	4028.997618	10097.670411	4079.546427	957.959010	1252.426370	868.258613	977.878635	2250.929214	4717.729056	1550.704952	732.579040	555.849262	869.413214	684.974669	1094.450381	1377.920285	5704.121977	6925.227531	5107.011628	2398.481468	4793.616539	6726.915462	5792.417435	1455.554973	
1280.385607	406.791583	462.982325	521.254474	532.227450	868.654754	744.540466	805.417416	5187.644553	14100.496455	1332.450193	1931.134170	3283.367401	2043.369175	1464.397970	2297.396336	1525.595268	1458.289811	1839.789815	13473.066316	68550.053577	95851.429920	334232.102641	98522.942160	53044.886230	15718.086572	14924.715109	12581.121080	4165.578531	11248.438747	10144.332770	2460.505192	2783.927023	3884.486412	2655.204610	7932.482962	3076.279684	565.802157	692.060164	766.446243	590.359525	2779.014744	3438.757681	1110.881727	444.524558	305.220625	666.767126	386.365610	686.622469	1201.851585	4745.027251	5671.344211	6065.463875	2008.860063	5389.961825	9139.239580	4394.133032	560.259750	
1534.917488	486.020015	632.713475	646.931684	679.319746	963.019463	885.590537	1037.392667	5319.413045	14639.230663	1823.828666	2592.628303	4324.316864	2153.307181	1708.596951	2084.912391	1586.495921	1552.482748	2162.593760	13771.000591	37446.814013	45551.189747	98522.942160	326832.094989	134842.998141	12018.662583	12539.710569	10253.871760	5356.386750	8576.484621	8307.946099	3148.317560	3187.601041	4756.035620	3785.531433	10061.057591	4025.610054	771.377113	1003.756406	818.633686	875.438349	2785.081351	4550.654996	1526.970776	644.927553	449.752879	800.226199	591.782703	991.719272	1467.017722	5790.544384	7026.557813	5686.464609	2389.937925	5669.862269	8146.834742	6006.880665	1152.418862	
1299.844703	433.905729	511.783521	622.704945	618.824827	889.452309	823.505796	895.503385	4543.339103	11666.971665	1485.707520	2149.645387	3324.525376	1860.013298	1454.389327	1858.442428	1352.676407	1255.826036	1629.713381	8696.681298	23481.043400	27617.541940	53044.886230	134842.998141	427856.124767	13339.470297	11932.712140	10018.813399	5701.774878	8258.931355	8105.626494	3391.866538	3326.870524	4364.387869	3203.300789	7813.506479	3589.409583	702.131210	915.915771	880.803612	767.426172	3023.126027	4040.431750	1394.821121	582.661772	425.483782	819.799467	557.521743	939.827397	1412.428179	4774.863020	5683.623217	4915.021198	2318.326853	4712.121253	6804.645421	4922.744328	1088.365155	
444.574453	124.480515	210.052215	242.804802	166.226539	388.173391	175.532560	356.983584	2422.850609	6006.378538	457.734896	602.047643	1144.051612	837.513759	525.534154	606.057152	393.946300	335.909618	360.860860	1612.445385	8528.029026	7059.338403	15718.086572	12018.662583	13339.470297	531262.517192	94074.795377	40318.622220	9498.421728	18907.491252	14953.436185	3347.188609	3578.917288	3611.529785	2616.505749	6390.588445	3050.915608	642.961987	768.698526	784.425209	621.600320	3028.700177	2577.725942	1001.532060	452.863719	267.309727	746.713400	386.641501	720.233888	1341.444847	3501.448473	4183.548751	5459.017950	1728.575446	4390.328803	7153.685372	3080.020328	418.674536	
1045.140341	286.698463	298.617590	381.048647	385.962398	750.103294	446.249306	557.429416	3978.219996	8229.287270	1021.733703	970.736860	1404.638793	1389.201730	923.425549	1448.770834	819.050719	640.513030	725.270863	3033.927325	9498.603469	8684.563574	14924.715109	12539.710569	11932.712140	94074.795377	360994.870740	107443.468747	27328.848949	33679.997162	26719.844662	8882.317888	8615.377658	7362.371578	4098.796375	7913.465062	4750.032598	1265.054672	1311.262802	1700.617740	1388.187081	5926.538556	4510.265741	2084.959790	1043.325326	689.204159	1381.819064	597.239468	1417.558442	2911.026512	5246.534943	5516.376875	7558.231218	3561.434851	7590.661431	9783.323566	4325.081271	955.603181	
1164.872272	281.395846	296.849040	353.475603	398.185958	872.939832	473.813484	500.879086	4334.574734	7555.458918	1050.406718	815.233719	997.305036	1516.999130	910.459211	1652.151398	862.933061	626.712173	779.617900	2681.946035	8090.447908	7136.602357	12581.121080	10253.871760	10018.813399	40318.622220	107443.468747	339890.885116	72422.269651	51947.112596	38040.248157	13963.666213	13177.774378	8628.121847	3988.612253	6655.452150	4898.014177	1409.162123	1439.636480	2017.712211	1776.247751	7611.551940	4228.096395	2234.843940	1237.571273	701.780149	1437.691328	696.224815	1512.723341	3586.446031	4586.612949	4365.016684	7220.164691	3774.338943	8017.169898	8911.314583	3702.479724	896.719869	
1634.723140	693.745841	615.644097	769.667145	943.506304	1562.995121	978.472461	1262.176395	5493.135074	4740.328531	2546.965922	1331.812788	1240.420224	2384.309876	1925.983772	2584.293856	1729.595828	1491.545676	1965.174559	4809.527008	4075.027972	4497.164064	4165.578531	5356.386750	5701.774878	9498.421728	27328.848949	72422.269651	380704.602525	74587.470986	46123.109989	36787.790042	24453.160778	11520.721468	5962.582073	4385.609871	6486.162343	3112.600610	2657.596970	3691.604458	4250.059152	9831.393204	5012.702336	3972.138217	2480.043694	1697.905790	2548.383472	1545.354203	2809.370731	5780.063532	3800.594149	3012.692333	5286.226431	5516.135233	7054.155524	4906.791689	3206.967579	2011.311214	
950.193158	287.477433	213.435922	377.085148	347.804068	821.492373	387.842949	425.333710	3756.527763	6095.824579	756.242659	628.946437	776.110508	1367.912017	836.453463	1619.177825	736.350966	560.267807	600.044086	1955.270342	6659.385491	5447.653396	11248.438747	8576.484621	8258.931355	18907.491252	33679.997162	51947.112596	74587.470986	335751.353100	134361.800481	28985.824110	19610.478904	9575.318682	3746.878853	5980.171757	4557.248287	1446.419646	1382.219484	2096.306385	1677.718628	8071.726136	3674.046285	2103.773288	1273.243762	721.477279	1532.256997	670.305399	1399.490274	3323.773649	3660.802609	3465.479680	6231.996085	3024.947051	6762.444147	7723.103340	2726.829213	594.627406	
1132.325209	381.649533	301.140828	477.654783	490.871629	1094.279442	528.719621	700.919236	4282.360045	6238.490382	1237.774643	885.935384	929.609437	1572.544022	1148.208925	1786.305585	950.056481	780.917908	893.193564	2811.387885	6676.066934	5673.925935	10144.332770	8307.946099	8105.626494	14953.436185	26719.844662	38040.248157	46123.109989	134361.800481	325557.294650	67293.308057	26644.873062	12180.821006	5358.027858	6845.804021	5518.786589	1963.279202	1767.050520	2601.019556	2422.996182	8252.881303	4358.574268	2688.859592	1595.230827	1002.296126	1921.079879	938.896339	1809.885299	3802.663864	4063.762151	3837.445665	6196.993687	3686.864063	7081.528160	7677.998179	3037.313711	1108.600684	
1686.112274	764.283157	629.700083	1003.125495	1306.484074	2035.748522	1167.274166	1625.674840	4927.552437	3253.326870	2534.383645	1427.435689	1093.409770	2586.512496	2146.977185	3102.603440	2145.931208	1808.130365	2520.647092	4882.378210	2526.803565	2901.872833	2460.505192	3148.317560	3391.866538	3347.188609	8882.317888	13963.666213	36787.790042	28985.824110	67293.308057	387536.255137	113728.887769	20958.674128	8706.647941	4479.029103	8121.515435	4708.785189	3621.921424	5061.900110	6088.136652	10988.555321	4886.355552	4636.174907	3291.329777	2517.617804	3410.846490	2073.378088	3219.685142	6412.976247	3239.584609	2352.617831	4210.826871	4885.037043	5697.787907	3404.561901	2596.000551	1772.557807	
1892.403175	859.592357	725.555663	1184.764246	1405.680455	2316.505392	1273.918696	1708.819166	5507.534573	3735.287018	2929.843469	1625.256542	1180.355226	2974.237094	2403.440477	3617.007173	2414.304998	2009.316015	2691.607907	4595.246774	2489.680191	2616.728633	2783.927023	3187.601041	3326.870524	3578.917288	8615.377658	13177.774378	24453.160778	19610.478904	26644.873062	113728.887769	392075.203642	54857.660073	12922.093357	5826.302016	9927.345968	5486.594936	4185.215471	6353.058514	6776.430070	13017.498296	5647.559579	5335.784289	3878.797442	2832.058365	3828.901153	2238.143920	3763.342906	7630.453823	3620.549045	2472.085348	4966.099814	5442.190341	6054.632880	3865.589915	2689.693601	1986.580945	
3123.741309	1708.811217	1561.368996	1798.303180	1985.012779	2163.236321	2226.808903	3141.632910	6428.493388	6615.559718	4704.815836	3229.609862	2823.974049	3201.716690	2916.612897	2831.501603	2684.895617	3102.004064	4400.717003	7233.280936	4428.635422	4575.734359	3884.486412	4756.035620	4364.387869	3611.529785	7362.371578	8628.121847	11520.721468	9575.318682	12180.821006	20958.674128	54857.660073	384598.355153	83629.794041	17881.354404	16298.213580	9366.927294	6816.801404	6326.727823	7226.560783	8188.315669	8804.749336	6658.911288	4152.419673	3274.975251	3715.372913	3690.615188	5188.608551	6719.437804	6138.702097	5599.744505	7019.902789	6961.444912	7348.586028	5984.881042	5542.766638	3224.045727	
3661.066839	2489.033101	1892.448204	2363.603905	2505.013240	2226.765418	2472.759040	3349.340486	6164.551999	6131.587329	6068.922997	4382.950271	3947.644074	3094.609505	2997.571212	2351.034908	2672.703039	3658.725685	5587.965452	8712.291215	3479.188156	4028.997618	2655.204610	3785.531433	3203.300789	2616.505749	4098.796375	3988.612253	5962.582073	3746.878853	5358.027858	8706.647941	12922.093357	83629.794041	364554.395720	84370.439969	32291.651607	15842.384776	9627.818410	7394.779703	8378.532874	5540.508339	8832.142893	7579.690301	4960.747304	3917.686987	4149.846898	4734.255609	6022.062018	6044.407437	6798.351302	6109.517379	6797.886012	7128.248435	6305.542608	5433.769050	6661.583872	4555.849025	
1881.927185	807.763321	1017.204337	846.532479	784.395754	856.336768	1084.988547	1339.939319	4289.253567	11978.779501	1878.782770	3324.746415	6147.360946	1467.040401	1250.777743	1095.328757	1057.031831	1156.143933	1465.878721	6162.773659	9738.582649	10097.670411	7932.482962	10061.057591	7813.506479	6390.588445	7913.465062	6655.452150	4385.609871	5980.171757	6845.804021	4479.029103	5826.302016	17881.354404	84370.439969	388144.084419	82252.328482	7606.196378	6817.312104	3715.702483	3170.747622	4979.225636	13756.957701	4289.408267	2023.085419	1657.399734	1996.481420	1888.390705	2443.458410	2822.586649	13983.996280	14331.502371	9155.744687	3520.118096	7220.378281	11068.784590	13068.940711	2767.456463	
2194.698117	1274.083753	1170.449213	1533.168482	1602.079387	1738.554090	1742.405884	2227.022878	5010.642026	5807.443732	3226.731944	2971.256225	3136.246974	2659.166127	2253.248349	1995.238128	2054.575822	2212.798315	3050.343774	5209.009312	3791.488070	4079.546427	3076.279684	4025.610054	3589.409583	3050.915608	4750.032598	4898.014177	6486.162343	4557.248287	5518.786589	8121.515435	9927.345968	16298.213580	32291.651607	82252.328482	369323.984415	85053.465656	19036.811606	11723.874582	10587.752705	11166.308381	11199.245509	7731.308901	4592.695942	3590.522151	4061.678209	3581.069712	4504.844750	7246.899073	7905.820929	6615.213113	6128.719975	5069.564554	5489.678356	5783.808537	5872.454620	2895.393654	
2902.099677	2645.626285	2105.742485	2726.150733	3014.015837	2805.599895	2883.096020	3504.361158	3765.689538	1680.667344	4496.439604	3235.242636	2254.439529	3375.134678	3252.179726	2691.708915	3148.911040	4002.312137	5276.034595	4766.934178	769.980089	957.959010	565.802157	771.377113	702.131210	642.961987	1265.054672	1409.162123	3112.600610	1446.419646	1963.279202	4708.785189	5486.594936	9366.927294	15842.384776	7606.196378	85053.465656	428801.196840	88086.229760	23694.720722	18430.875944	8035.199791	6326.361365	8394.541034	7208.727523	5900.449858	5481.351445	5927.010911	6834.999689	6850.540918	2923.549726	2085.736792	3167.114748	4720.354527	2750.358673	1739.496057	2418.832242	2963.706269	
2821.392534	2511.929557	2310.039221	2908.048148	3097.049971	2917.875165	2975.335390	3226.690032	3201.621807	1948.459314	3455.618115	3422.910011	3039.657604	3251.137139	3237.720936	2886.473089	3164.032689	3809.115951	4227.859563	3757.269603	873.824476	1252.426370	692.060164	1003.756406	915.915771	768.698526	1311.262802	1439.636480	2657.596970	1382.219484	1767.050520	3621.921424	4185.215471	6816.801404	9627.818410	6817.312104	19036.811606	88086.229760	431183.626209	90371.228000	23897.498382	9548.266632	9218.791027	8519.742368	7523.528817	6094.829850	5845.183198	6091.389801	6496.198272	5864.365793	3585.413043	2787.805183	3095.557740	4229.236821	2768.156075	2038.677728	2822.105153	2536.410797	
3060.890898	2495.978008	1850.806326	2860.678097	3204.510806	3662.410903	2459.269059	2573.826697	3434.066386	1973.965837	3221.897573	2540.403873	1924.614912	4205.011848	3537.397155	4156.371888	3650.942452	3815.805864	3893.104754	3313.943468	793.432724	868.258613	766.446243	818.633686	880.803612	784.425209	1700.617740	2017.712211	3691.604458	2096.306385	2601.019556	5061.900110	6353.058514	6326.727823	7394.779703	3715.702483	11723.874582	23694.720722	90371.228000	404623.078812	91064.906290	24156.273626	11106.929133	11661.368023	10687.457320	7499.071169	7915.144976	6587.642815	7685.278495	8591.392689	3314.829191	2152.893975	3710.928511	4904.091791	3390.233203	2088.162113	2141.644250	2166.295191	
3320.049874	2593.913277	1901.829480	2900.898983	3218.982202	3486.688572	2483.408022	2864.671775	3847.013922	1922.087142	3841.357527	2393.348038	1841.032090	4033.385747	3700.863594	3992.746699	3631.005377	3457.581640	4203.909288	3990.144504	720.256750	977.878635	590.359525	875.438349	767.426172	621.600320	1388.187081	1776.247751	4250.059152	1677.718628	2422.996182	6088.136652	6776.430070	7226.560783	8378.532874	3170.747622	10587.752705	18430.875944	23897.498382	91064.906290	393693.522069	79231.868612	17624.403490	17345.234515	13128.523189	8766.068401	8841.862132	7507.763507	9045.392000	10496.996924	3528.376287	2257.193976	4273.038657	6402.320308	3999.946792	2160.693723	2465.795863	2861.296990	
2177.783985	945.783361	728.205321	1405.623998	1509.377099	2789.723300	1281.390590	1330.232570	4740.258367	4551.018845	2079.635748	1382.629486	1138.439978	3647.538992	2637.396234	4610.923840	2345.550271	1715.878081	1565.635970	2525.891057	2479.064983	2250.929214	2779.014744	2785.081351	3023.126027	3028.700177	5926.538556	7611.551940	9831.393204	8071.726136	8252.881303	10988.555321	13017.498296	8188.315669	5540.508339	4979.225636	11166.308381	8035.199791	9548.266632	24156.273626	79231.868612	376926.725659	79462.161415	23087.700200	11155.902938	5857.568251	8635.900722	4075.548869	6869.304417	13200.486864	6300.310894	3876.624402	7734.012890	7121.200304	8369.135511	5767.929802	3070.163052	1433.175949	
2940.891514	1517.590497	1706.142970	1759.602444	1921.596398	1944.970813	1820.495745	2281.572610	4866.276934	7159.140326	3227.234636	3443.949558	4389.042861	2732.813547	2576.001718	2096.424369	2039.961495	2003.555066	2281.652123	4627.290864	4102.109319	4717.729056	3438.757681	4550.654996	4040.431750	2577.725942	4510.265741	4228.096395	5012.702336	3674.046285	4358.574268	4886.355552	5647.559579	8804.749336	8832.142893	13756.957701	11199.245509	6326.361365	9218.791027	11106.929133	17624.403490	79462.161415	395435.363684	60127.415264	11909.610992	7159.252653	7683.763204	5742.413992	7426.333437	7944.172228	11534.525994	10208.226840	8566.875033	6213.854409	7989.122821	8596.968547	8996.980952	3996.949286	
3370.234238	2892.997138	2274.253321	2869.241564	3206.685089	2964.638104	2776.353660	3243.296336	4834.630399	3026.382077	4489.956727	3531.086842	2717.797533	3744.210072	3353.468421	2861.837439	3101.790683	3626.668166	4442.477197	4776.681266	1372.332257	1550.704952	1110.881727	1526.970776	1394.821121	1001.532060	2084.959790	2234.843940	3972.138217	2103.773288	2688.859592	4636.174907	5335.784289	6658.911288	7579.690301	4289.408267	7731.308901	8394.541034	8519.742368	11661.368023	17345.234515	23087.700200	60127.415264	418173.324400	71058.242075	18607.510807	13774.784964	11055.932789	11567.377802	10758.017189	6098.438216	4200.625871	5750.753476	6729.966792	5516.785108	3681.729873	3976.621708	3480.948461	
3523.268884	3584.359395	2765.122441	3885.383033	4096.985702	4267.722902	3139.287129	3148.041540	3019.076716	1519.677088	3744.385491	3136.945527	2258.151260	4182.242235	3737.288840	4077.798956	3754.930299	4207.858939	4536.222796	3137.082614	588.484910	732.579040	444.524558	644.927553	582.661772	452.863719	1043.325326	1237.571273	2480.043694	1273.243762	1595.230827	3291.329777	3878.797442	4152.419673	4960.747304	2023.085419	4592.695942	7208.727523	7523.528817	10687.457320	13128.523189	11155.902938	11909.610992	71058.242075	432454.989031	85274.686731	28555.011717	16441.993473	13414.845152	10751.182341	3742.040112	2440.917012	3718.482708	5355.632229	3301.215411	2064.247124	2408.636665	2652.575083	
3000.057463	3248.715270	2644.443737	3399.024140	4013.382697	3365.509499	3053.064031	2946.373838	2573.990856	1110.732250	3359.792303	3008.411489	2105.420583	3328.481614	3525.877077	2777.000033	3281.415397	3868.590222	4036.211977	2702.439693	482.502410	555.849262	305.220625	449.752879	425.483782	267.309727	689.204159	701.780149	1697.905790	721.477279	1002.296126	2517.617804	2832.058365	3274.975251	3917.686987	1657.399734	3590.522151	5900.449858	6094.829850	7499.071169	8766.068401	5857.568251	7159.252653	18607.510807	85274.686731	458782.568938	95574.235723	21523.993743	12719.586460	7819.823930	3130.583189	2278.372131	2916.444083	4006.468690	2518.003343	1597.016686	2124.642738	2355.634414	
3551.321413	3075.246704	2283.945580	3818.726412	4057.289748	4178.232239	2876.920450	2665.774642	3083.077423	1904.071220	3064.452349	2714.449387	1916.070670	4021.401740	3529.229489	3936.494848	3521.748316	3690.176673	3471.980010	2638.121036	706.492969	869.413214	666.767126	800.226199	819.799467	746.713400	1381.819064	1437.691328	2548.383472	1532.256997	1921.079879	3410.846490	3828.901153	3715.372913	4149.846898	1996.481420	4061.678209	5481.351445	5845.183198	7915.144976	8841.862132	8635.900722	7683.763204	13774.784964	28555.011717	95574.235723	420768.601198	82329.391905	21015.006909	13429.985593	5055.044731	3187.346850	4694.450843	5536.148042	4173.491334	2543.293938	2574.849059	2737.437262	
4561.187731	4783.756875	3645.950490	4510.142930	4814.130960	3681.632028	3681.344285	3774.970105	3034.926182	1512.279347	4036.738896	3721.261855	3030.531303	3590.679895	3581.417492	2737.157036	3295.142338	4653.492724	4873.163409	3238.306521	528.316190	684.974669	386.365610	591.782703	557.521743	386.641501	597.239468	696.224815	1545.354203	670.305399	938.896339	2073.378088	2238.143920	3690.615188	4734.255609	1888.390705	3581.069712	5927.010911	6091.389801	6587.642815	7507.763507	4075.548869	5742.413992	11055.932789	16441.993473	21523.993743	82329.391905	456705.356059	78550.911759	14446.746981	5378.402927	3601.783129	4224.906579	5774.885396	3526.595624	2234.656608	3088.702375	3581.093751	
5357.122918	4417.645882	3158.537445	4033.279584	4153.653381	3931.407557	3700.696205	3824.359100	4137.643934	2553.738017	4801.008156	3540.267047	2877.017805	4220.368808	3870.044337	3503.078364	3461.362938	4131.872687	4771.505316	3745.180866	906.617176	1094.450381	686.622469	991.719272	939.827397	720.233888	1417.558442	1512.723341	2809.370731	1399.490274	1809.885299	3219.685142	3763.342906	5188.608551	6022.062018	2443.458410	4504.844750	6834.999689	6496.198272	7685.278495	9045.392000	6869.304417	7426.333437	11567.377802	13414.845152	12719.586460	21015.006909	78550.911759	402385.666473	88145.605824	13189.909162	6362.227683	9185.028215	10810.831672	7006.261142	3890.368057	4227.747087	4495.659201	
3854.985114	2004.379880	1526.248933	2560.758823	2637.639888	3618.171265	2249.177174	2669.952156	5538.229378	3571.274837	3851.571219	2377.105877	1772.861432	4294.020881	3195.986805	4380.514778	3092.293649	2873.377706	3263.827571	3875.239030	1361.029542	1377.920285	1201.851585	1467.017722	1412.428179	1341.444847	2911.026512	3586.446031	5780.063532	3323.773649	3802.663864	6412.976247	7630.453823	6719.437804	6044.407437	2822.586649	7246.899073	6850.540918	5864.365793	8591.392689	10496.996924	13200.486864	7944.172228	10758.017189	10751.182341	7819.823930	13429.985593	14446.746981	88145.605824	382997.152420	69099.135386	11283.037311	17528.414200	15783.999128	11381.012197	6071.676725	4922.444275	3928.568561	
2489.329189	1105.352300	1144.486773	1208.792821	1221.595403	1333.674708	1393.183974	1667.231678	4619.897637	9027.295083	2527.246099	3162.057568	4927.189458	2007.059818	1651.291431	1452.901672	1340.765020	1416.405735	1686.029382	4579.515310	5721.706757	5704.121977	4745.027251	5790.544384	4774.863020	3501.448473	5246.534943	4586.612949	3800.594149	3660.802609	4063.762151	3239.584609	3620.549045	6138.702097	6798.351302	13983.996280	7905.820929	2923.549726	3585.413043	3314.829191	3528.376287	6300.310894	11534.525994	6098.438216	3742.040112	3130.583189	5055.044731	5378.402927	13189.909162	69099.135386	338537.823202	125528.689569	39999.375073	11964.923476	14613.264944	16562.672875	16989.563468	4623.652428	
2214.092148	996.699851	1131.237524	906.183726	895.302390	953.834635	1186.089113	1535.279192	4313.587630	10064.298064	2222.178497	3177.693491	5051.582854	1440.171056	1305.434390	973.474080	1067.609800	1123.047579	1463.678403	4586.353704	6704.654592	6925.227531	5671.344211	7026.557813	5683.623217	4183.548751	5516.376875	4365.016684	3012.692333	3465.479680	3837.445665	2352.617831	2472.085348	5599.744505	6109.517379	14331.502371	6615.213113	2085.736792	2787.805183	2152.893975	2257.193976	3876.624402	10208.226840	4200.625871	2440.917012	2278.372131	3187.346850	3601.783129	6362.227683	11283.037311	125528.689569	360061.868210	91037.978289	13511.009102	17169.014162	20732.495093	18621.286758	5079.144675	
3134.767137	1310.037165	1056.669014	1306.475552	1322.156847	1624.360864	1466.123673	1752.746157	6140.689523	9870.484525	3163.173555	2295.874075	2622.415478	2392.518327	1809.987289	2021.993985	1545.796591	1534.878804	1989.233624	4122.078197	5546.495705	5107.011628	6065.463875	5686.464609	4915.021198	5459.017950	7558.231218	7220.164691	5286.226431	6231.996085	6196.993687	4210.826871	4966.099814	7019.902789	6797.886012	9155.744687	6128.719975	3167.114748	3095.557740	3710.928511	4273.038657	7734.012890	8566.875033	5750.753476	3718.482708	2916.444083	4694.450843	4224.906579	9185.028215	17528.414200	39999.375073	91037.978289	325094.919037	72106.758658	39449.848511	27231.716173	13672.742287	5750.775364	
4399.163409	2332.020679	1683.377603	2044.005066	2172.987539	2327.204796	2138.146133	2875.963320	6040.979497	5033.338286	4803.042361	2687.844640	2113.573005	2974.387019	2532.924843	2648.276029	2250.975814	2603.196935	3627.162713	5182.855951	2290.461047	2398.481468	2008.860063	2389.937925	2318.326853	1728.575446	3561.434851	3774.338943	5516.135233	3024.947051	3686.864063	4885.037043	5442.190341	6961.444912	7128.248435	3520.118096	5069.564554	4720.354527	4229.236821	4904.091791	6402.320308	7121.200304	6213.854409	6729.966792	5355.632229	4006.468690	5536.148042	5774.885396	10810.831672	15783.999128	11964.923476	13511.009102	72106.758658	404295.339993	93343.388125	17321.350785	11449.693121	9186.908067	
3744.672813	1420.399628	1037.268528	1269.535331	1283.018077	1612.853971	1205.526320	1472.396945	6189.545946	9036.179741	3062.666038	1946.025424	2018.677763	2363.041976	1757.985611	1990.342316	1444.890304	1391.065688	1909.090180	4275.532226	5219.321738	4793.616539	5389.961825	5669.862269	4712.121253	4390.328803	7590.661431	8017.169898	7054.155524	6762.444147	7081.528160	5697.787907	6054.632880	7348.586028	6305.542608	7220.378281	5489.678356	2750.358673	2768.156075	3390.233203	3999.946792	8369.135511	7989.122821	5516.785108	3301.215411	2518.003343	4173.491334	3526.595624	7006.261142	11381.012197	14613.264944	17169.014162	39449.848511	93343.388125	340912.856012	80244.828292	29672.605630	11620.275547	
3107.298682	886.737008	841.856581	857.977475	833.067993	1010.028835	904.978012	1133.657023	5096.813360	10797.982718	1967.182632	1966.604372	2649.215560	1535.837393	1170.644933	1155.518066	999.722860	928.153026	1244.730161	3662.277005	7518.630817	6726.915462	9139.239580	8146.834742	6804.645421	7153.685372	9783.323566	8911.314583	4906.791689	7723.103340	7677.998179	3404.561901	3865.589915	5984.881042	5433.769050	11068.784590	5783.808537	1739.496057	2038.677728	2088.162113	2160.693723	5767.929802	8596.968547	3681.729873	2064.247124	1597.016686	2543.293938	2234.656608	3890.368057	6071.676725	16562.672875	20732.495093	27231.716173	17321.350785	80244.828292	339710.133433	115851.739347	24030.651954	
4325.801226	1515.672426	1496.153566	1329.821582	1234.635057	1109.002529	1383.515847	1850.862253	4012.874809	8055.028908	2723.687242	3325.222796	5058.139084	1581.945370	1440.192055	969.053682	1113.079673	1425.941852	2069.408249	5726.663466	5466.278819	5792.417435	4394.133032	6006.880665	4922.744328	3080.020328	4325.081271	3702.479724	3206.967579	2726.829213	3037.313711	2596.000551	2689.693601	5542.766638	6661.583872	13068.940711	5872.454620	2418.832242	2822.105153	2141.644250	2465.795863	3070.163052	8996.980952	3976.621708	2408.636665	2124.642738	2574.849059	3088.702375	4227.747087	4922.444275	16989.563468	18621.286758	13672.742287	11449.693121	29672.605630	115851.739347	348549.220009	114059.661565	
