371664.002860	86054.645117	26053.648143	14848.893866	9773.827985	10034.764960	7124.279786	5837.263634	4453.261670	3633.361096	3633.127558	4490.160172	4615.851667	5109.738002	4405.707172	4726.496196	3434.297639	3172.825122	3118.743717	2179.018804	2356.376476	2867.785387	2600.278263	2657.723276	2705.809620	2808.962365	2837.233508	3010.436825	3263.659036	3454.867125	3614.561722	2225.433086	2618.914426	2492.172056	2373.767097	3291.122341	2028.070721	1779.245414	2441.173951	805.615770	1327.169699	3165.201332	2533.472557	2146.290337	1384.752249	1767.615680	1786.450747	1460.960295	1785.201506	1382.461178	1278.845818	974.258517	986.658244	721.238874	728.628731	714.369423	773.345614	701.908514	895.495797	790.452842	763.513400	785.078900	811.002159	828.742690	588.296992	689.332927	703.229614	1092.388120	1368.352139	1705.808096	1606.140837	1275.590028	1035.326331	906.419609	883.194787	1268.842868	1140.912185	1355.907138	1377.788257	1146.855831	907.857043	615.693443	586.996291	748.608750	816.552249	888.920077	1037.840832	632.032055	697.803174	765.258626	795.238705	802.160181	894.647532	986.053727	925.394827	722.697957	780.556755	1145.207339	1015.259490	1070.876304	1085.531506	808.716266	766.570759	1125.589516	1018.296077	634.541453	612.994834	488.768575	479.436882	600.244419	718.374610	678.610769	753.153226	802.755002	691.914654	470.061468	676.444760	851.997775	965.721856	956.444708	1015.570817	1151.388247	1202.873651	1063.117609	1230.649573	1203.111982	741.015216	1074.394702	1122.357413	1308.066203	1122.469472	1586.295590	3282.313250	4480.523529	
86054.645117	295144.501089	86209.812510	24405.864362	14892.647662	12774.744896	7886.790982	6403.656307	5916.847269	4743.521765	4844.574843	4757.020664	3742.664741	4270.173689	4124.667760	5116.725425	3878.434318	3728.547308	3618.795732	2832.869258	2959.935281	2973.487999	2498.185218	2916.260524	3429.330957	3211.476052	3321.097049	3115.883174	3479.576700	3974.412395	3432.096712	1978.436048	2406.944843	2648.303733	2573.994839	3132.219985	2246.383028	1943.454401	2112.232041	827.290178	1450.803562	2547.527356	2280.511022	1937.591510	1212.084731	1665.758398	1815.969541	1363.869875	1503.287559	1273.210726	1446.072193	1263.915781	1274.626838	885.716449	925.123969	881.034839	952.495331	902.940217	1007.967489	905.078619	929.001160	902.397967	815.670708	859.154106	719.206962	707.450087	807.765638	1053.151690	1057.326103	1284.681560	1227.685602	961.768891	728.259449	693.842612	741.215901	1304.202316	1178.733919	1208.145036	1151.415691	1029.377166	939.985664	733.552830	701.590748	847.623059	913.335766	1009.417335	834.552511	551.237622	592.461303	643.725946	691.913167	672.945319	673.559888	900.805587	732.934375	617.031182	619.397730	864.077011	936.633598	917.006856	739.530955	559.579426	528.881705	811.443488	1048.603871	845.508473	656.957989	581.376214	576.137549	643.074979	585.820019	742.240270	782.616208	801.433425	719.879110	679.941281	816.989111	880.796205	850.462683	795.903283	990.313844	1080.153565	985.121241	796.373701	949.709236	1120.520492	713.090184	1061.197270	1125.633397	1107.069652	912.248589	1201.157899	1676.858266	1695.649636	
26053.648143	86209.812510	307981.140798	48820.991373	28321.535080	15036.057706	7111.352215	5905.199295	9103.935790	8651.890613	8387.737277	3543.809127	2450.658075	3238.614604	3226.919410	5438.965532	4847.094601	3894.433658	3895.834412	5420.147286	4492.264031	3253.903686	1959.697699	3320.440602	3961.669455	4160.989043	3555.644974	2372.145727	4254.677610	5164.310434	3083.477988	1408.873860	1839.378324	3255.903094	3155.163556	2482.030615	3696.802781	3232.301457	2141.989583	1417.973170	1989.338764	2074.704556	2053.702056	1717.558040	774.853947	1552.331420	1796.319093	759.679019	1145.653118	853.144895	1238.617660	1658.255068	1403.948675	1420.180460	1455.733477	1298.831117	1246.953726	1269.620526	854.766934	843.212534	972.793573	765.766945	480.813401	667.233170	1108.553142	861.147525	1205.386099	846.672196	470.946102	907.137577	794.512444	610.477396	446.509076	314.437127	327.476140	1369.235422	1492.274724	861.286666	939.296369	651.914523	691.020306	1066.182396	975.053243	715.252241	921.146726	1059.696637	475.985981	268.119260	341.445239	459.726902	662.775824	459.484357	407.128533	756.214190	693.365801	371.272034	365.162011	566.672039	974.376311	506.484045	462.143249	299.300764	273.530511	442.853006	1025.076814	1019.220939	678.291657	513.532975	635.016223	514.889668	330.750041	779.891403	643.076391	578.300219	564.708103	886.303022	966.601030	729.729045	617.041325	531.896184	1030.213580	1077.621144	869.011565	545.789582	639.284136	1061.092577	1205.523983	1076.644958	1410.752231	1116.726367	1075.958550	1139.480625	1160.134537	952.956257	
14848.893866	24405.864362	48820.991373	286600.451352	138227.374856	27714.374959	12355.593708	8586.972273	6650.192479	5257.651090	5083.634412	6297.253389	4134.843380	4321.035161	4113.153704	4785.519330	3763.331588	3669.622152	3425.798402	2377.894325	2561.702105	2881.903896	2825.184946	2896.805935	3140.197824	3086.097919	3223.413982	3051.717031	3243.998265	3051.971252	3006.824532	2000.770374	2327.412965	2200.550190	2041.043426	2813.989802	1625.710039	1284.548920	1826.718637	591.114163	747.499042	1873.334522	1575.015676	1481.429742	1008.389399	1107.628880	1062.605134	1184.748090	1263.868512	1020.523081	1280.893510	987.295398	966.308556	749.690140	727.152944	809.766663	826.664197	820.833316	881.273422	805.923982	773.860920	906.232435	815.192176	787.486510	567.470900	642.603626	650.256912	864.685173	875.842681	951.833308	801.460168	736.057369	668.340549	668.148267	670.719085	841.100597	757.512415	874.563633	738.184498	817.151640	797.381250	480.704900	521.180227	622.572867	646.987637	704.793181	726.458559	496.210002	542.215789	594.219150	595.960273	565.017640	577.018995	631.362301	700.478823	610.751782	573.140937	636.424097	717.911325	698.852051	558.957030	491.297379	475.583123	673.236531	657.395637	472.440394	505.761578	436.167098	423.212666	491.696289	545.797708	488.917100	560.337454	548.150214	544.025960	453.178005	471.471632	554.657751	548.389791	655.826437	579.935787	621.506540	588.162934	566.843599	678.925215	659.183086	343.215615	556.493101	542.751673	554.771021	382.499298	473.918696	779.413929	805.201583	
9773.827985	14892.647662	28321.535080	138227.374856	289367.072289	51306.453658	13328.572524	8652.864285	9352.172878	8297.853658	7493.247127	5196.522015	3208.561363	3847.708789	3735.532506	5228.547784	4264.895315	3853.016225	3478.268601	3406.843807	3027.707174	2852.165776	2246.329115	3199.424731	3255.296210	3637.882123	3463.876024	2547.005281	3750.127884	3618.264471	2911.718429	1632.229823	1957.648387	2519.732100	2385.478285	2289.491329	2174.930030	1734.704525	1617.156965	720.682606	882.060461	1492.849467	1520.796483	1443.249555	767.110705	1263.668698	1375.333612	845.009652	1169.690480	852.199462	1143.914840	1405.915615	1102.744167	994.170375	1122.650572	1001.531362	983.735385	1058.139822	860.125847	865.964536	867.643258	765.656324	592.853026	607.500352	836.451805	759.443532	928.235706	801.119151	535.505474	877.811657	777.392336	567.695795	492.214559	431.372194	463.762552	1054.230128	1030.759132	731.543547	804.846266	692.890002	638.938326	681.832808	641.041177	603.375685	725.847065	775.208701	529.876093	351.172787	425.504277	537.198950	566.822909	454.252146	446.764335	694.181825	647.562778	411.856415	410.094793	533.579303	831.604596	598.102753	491.834228	342.458842	313.362873	504.498251	695.137948	614.129396	532.452844	399.872909	445.692686	447.669492	384.934549	592.245316	557.117986	463.684399	485.265944	564.022386	584.546573	573.405605	496.379893	477.115505	685.585385	634.554519	602.900195	470.626514	570.494546	615.050609	451.948168	560.323914	654.567833	536.324022	427.623620	457.631468	581.057164	576.085441	
10034.764960	12774.744896	15036.057706	27714.374959	51306.453658	309987.598488	72648.954033	19365.138579	11639.952247	8492.111054	7656.371355	9900.038264	7052.712676	5971.129903	5603.164232	6008.283741	4817.802270	4436.649361	4183.120480	2984.633809	2983.211201	3492.745273	3555.711403	3361.505316	3667.234381	3588.485813	3840.056381	3972.164007	3581.847470	3575.113019	3566.206722	2431.933746	2749.173815	2587.987534	2562.462058	3290.890845	2005.130161	1668.173825	2003.568327	476.292722	959.426912	2083.544819	1859.615041	1591.535196	1250.523736	1230.311544	1308.328353	1446.899742	1491.075374	1170.163233	1453.501662	1124.076826	1025.904882	750.140309	839.024963	764.175812	895.013186	812.039953	973.736282	910.628853	832.761029	948.913376	913.970235	880.243156	610.668454	713.137785	662.788438	1025.864155	1205.005523	1139.973622	1057.516385	924.496765	875.218091	866.423723	866.474014	969.141941	839.266985	934.672777	832.548036	935.400107	781.068159	511.671355	485.398943	662.497271	701.083642	692.845070	879.826800	628.127271	668.553393	772.700311	680.369519	689.050242	729.126355	644.042673	672.411735	682.529572	750.975795	733.539236	697.973741	809.723904	685.438569	631.394296	672.881791	848.536128	728.331814	482.970564	490.361687	460.442002	389.968736	553.985630	693.455887	478.901231	585.983393	612.618237	581.408166	419.181187	508.869576	604.067518	658.834202	781.786978	599.087674	682.471024	670.900761	653.472823	765.043524	591.679127	394.987578	535.731257	558.373905	610.088519	440.566824	533.804061	767.334456	746.024495	
7124.279786	7886.790982	7111.352215	12355.593708	13328.572524	72648.954033	314879.848912	72832.758631	18959.637219	13172.771739	9176.115057	13825.384630	9065.776508	8016.758187	7114.937494	6416.083415	4276.720966	4458.222920	4084.363536	2085.863777	2443.528782	2929.809924	3318.750776	3071.657715	3064.371556	3156.059156	3401.037576	3403.404333	2960.395356	2945.484316	3715.307386	2532.120905	2725.075787	2157.983281	2298.040293	3191.064316	1385.802700	1081.861345	1561.567449	337.615704	701.321542	1877.914672	1705.650045	1660.097704	1202.775050	1212.297780	1252.197575	1625.564945	1598.152376	1161.625881	1426.616108	970.014932	945.290127	693.067210	676.502689	674.056734	774.319827	700.811933	1002.218925	854.760146	778.162065	934.629032	1047.595913	916.391400	505.909711	606.547029	563.748583	907.525127	1264.152440	1247.068289	1086.006869	970.300428	897.723153	976.299262	875.236347	851.732076	672.917177	949.181620	903.142986	986.519724	782.925055	397.797073	485.247500	623.992288	635.744159	669.228800	927.847792	704.081977	761.517163	770.686158	631.220763	705.052588	794.688324	703.807387	623.094910	671.871108	731.298828	736.593607	589.996368	766.446318	783.211613	627.421855	654.459843	853.996803	653.609388	368.441385	423.075463	459.293657	347.432889	518.023112	667.005021	391.690063	528.906552	582.222527	526.275126	314.111731	424.388990	577.250143	618.651653	674.340656	537.369699	530.937532	574.623148	673.522982	710.383538	519.890937	270.458554	428.395516	394.697957	449.367037	273.216805	407.445009	622.445790	583.126586	
5837.263634	6403.656307	5905.199295	8586.972273	8652.864285	19365.138579	72832.758631	286571.765130	69157.797695	37179.572787	15488.665131	20672.125414	9473.062903	7957.678897	6484.835201	7242.146824	5304.946373	5290.087938	4652.892692	2585.458472	2885.617631	3462.579543	3399.048387	3428.223161	3611.563860	3718.010517	3757.204143	3795.236892	3470.903361	3182.700508	3488.487958	2280.294533	2740.828589	2344.232632	2458.431042	3323.792473	1626.342488	1217.548679	1779.255839	415.289690	735.029276	1924.162506	1726.915608	1597.122721	1206.849321	1179.957879	1130.359058	1309.648495	1446.084896	1209.187455	1607.854341	1220.585742	1257.326442	887.528959	973.239696	931.631167	983.503594	935.000452	1168.027268	1024.132418	943.129612	1010.208608	1018.778708	965.412486	643.817813	799.374498	693.129730	1051.405177	1094.497157	915.661251	826.602289	719.753582	713.652599	668.277453	749.758952	792.931971	667.186987	843.419902	757.748205	866.222304	902.647010	432.164303	634.923474	738.614280	754.621004	713.556688	870.497723	551.725931	615.390564	661.993644	608.877600	604.062673	687.274574	649.883834	591.519399	567.043889	511.577327	607.169562	595.869029	700.394375	531.631335	452.947907	468.515711	730.072723	650.200111	468.505458	519.172668	536.764589	412.732622	512.545808	576.897077	387.228250	547.290641	626.376991	554.484035	394.155586	468.087530	554.609143	531.734318	538.436786	426.459602	492.255671	485.602215	479.130462	617.491084	546.246996	257.632483	417.290655	415.714864	456.686084	246.869743	330.774239	499.625137	481.043772	
4453.261670	5916.847269	9103.935790	6650.192479	9352.172878	11639.952247	18959.637219	69157.797695	298961.596863	79530.700140	28976.613670	15174.592349	5167.835966	5396.041683	4594.036600	7760.220872	6702.055399	5800.199547	5286.678193	5570.480302	4554.199529	4026.348961	2550.058073	4051.742249	4451.627843	4769.564358	4079.350685	2844.898929	4229.252771	4201.169842	2848.127385	1566.296011	2096.887081	3164.908743	3020.099907	2829.819198	3229.934542	2555.635000	2040.460651	733.353971	1256.061079	1790.249848	1638.296118	1382.604529	598.989785	1035.600549	1079.796762	711.940303	877.478703	653.876080	1274.807687	1824.400322	1517.669533	1440.031911	1554.032136	1464.486009	1319.525303	1375.487491	1095.350334	1080.019510	1085.360819	922.304286	594.674906	770.501666	1197.164576	942.981465	1177.389506	911.349971	456.104671	561.251546	451.522811	360.551463	312.986494	312.365323	297.307479	907.966825	951.843567	586.341695	518.389320	540.348600	760.072540	937.159492	868.027391	760.075742	760.028902	824.766079	396.415237	292.186839	297.173161	424.917700	502.037184	355.212902	334.025729	516.056274	506.072461	320.427035	265.885723	360.376278	632.102478	392.756640	294.123495	233.899072	203.159166	367.696887	762.367315	788.560739	633.647664	497.368745	606.478737	538.570189	322.947307	508.218316	492.728806	411.194436	483.162456	688.034949	583.087685	465.796814	326.377133	305.730083	444.703422	495.107903	365.136623	311.185108	354.724562	524.453407	454.316448	502.192442	510.255150	527.017793	379.655638	422.766407	352.383176	349.774612	
3633.361096	4743.521765	8651.890613	5257.651090	8297.853658	8492.111054	13172.771739	37179.572787	79530.700140	270995.837426	93416.483623	25695.168839	4981.173567	5218.067722	4035.489493	7882.391316	7539.083026	5865.936549	5482.311293	7545.959753	5630.081875	3708.503630	2206.236096	3900.782572	4519.783699	5106.443640	3755.671758	2467.504140	4163.926858	4305.140528	2506.720479	1205.702223	1862.783576	3471.426659	3083.520995	2399.026067	4072.755555	3480.404944	2420.677625	986.036768	1713.755298	1654.545287	1581.780967	1222.842532	550.789304	888.701292	825.957141	394.687455	655.746100	516.936022	1131.947515	1889.221965	1629.045900	1681.559873	1749.929799	1689.782512	1547.043117	1526.023947	980.034035	901.842002	1078.982236	785.212862	439.748569	640.009364	1335.414389	1060.274902	1333.511110	836.012175	335.236373	455.793269	339.686063	253.299510	271.433381	209.902271	236.811618	824.639607	948.270916	417.602466	415.543151	362.218236	638.121610	1114.559881	997.405207	668.641491	770.097998	703.378081	276.711282	147.692511	186.280710	327.842309	396.309706	303.496916	245.883681	401.079459	468.311293	232.315963	156.384264	271.877835	602.687027	311.612500	205.058082	151.025396	168.848426	208.876767	673.440207	893.883871	596.647704	451.225685	602.387510	425.431500	196.504260	448.053254	369.845803	260.747888	402.498470	684.719608	510.523104	364.843435	289.943169	211.543718	400.077569	328.344831	278.947317	216.337020	246.223826	447.447624	584.729927	536.034379	480.743514	442.011973	436.381115	347.187777	314.418125	262.733054	
3633.127558	4844.574843	8387.737277	5083.634412	7493.247127	7656.371355	9176.115057	15488.665131	28976.613670	93416.483623	291269.870183	61567.205188	7749.046449	7446.459150	5694.160275	9339.505372	8581.484663	6689.886058	5933.495091	7490.179362	5658.514836	4041.002598	2356.786106	4171.303522	4677.449933	5312.792389	4085.686790	2587.568706	4347.229775	4835.030708	2891.068695	1350.786567	2050.211950	3721.416990	3443.814565	2727.979330	4141.543526	3535.090650	2274.821740	1237.888859	1920.378731	1913.385642	1973.364670	1422.758601	590.212951	1009.783518	1151.840052	520.816704	734.049520	569.467497	1188.017929	1926.897258	1691.122879	1685.788202	1807.308677	1579.639187	1556.565805	1564.086266	1092.416460	1165.090412	1250.728024	876.293868	507.060052	703.145015	1450.382996	1102.677105	1301.578107	812.880503	363.595960	541.490602	459.717196	351.642909	242.513322	197.693344	238.976142	868.451426	1046.621761	550.801742	573.402762	484.129045	720.033924	1170.172395	1017.063347	783.916406	885.918637	846.070073	340.784720	216.318573	255.411019	366.058300	502.140229	305.867814	296.185597	559.469553	533.647479	234.714329	203.706374	346.182595	634.576895	371.330211	246.102826	193.597352	167.107845	273.588655	832.898805	956.074673	642.705722	533.258170	595.446364	532.637714	235.514320	517.998090	426.942545	360.563167	466.904230	786.424114	639.225968	439.531886	342.054088	286.958176	422.053170	439.598295	358.148800	255.865205	310.153436	525.607397	688.840555	615.011093	637.147215	491.021448	528.174866	462.227809	378.201209	310.810725	
4490.160172	4757.020664	3543.809127	6297.253389	5196.522015	9900.038264	13825.384630	20672.125414	15174.592349	25695.168839	61567.205188	303007.738418	57446.312585	21079.008684	11371.366216	10014.226491	6552.953750	6569.913949	5515.556032	2146.160205	2836.936315	3776.650324	4257.581505	3465.913377	3929.068507	3737.969609	3884.384692	4291.257802	3152.067484	3041.469680	3990.815101	2593.304937	3157.209678	2395.066321	2642.696444	3755.585150	1304.287084	988.396007	1683.233074	375.964667	574.552306	2151.470686	1846.676811	1892.233136	1508.336562	1232.843604	1199.526201	1616.196162	1594.669209	1338.540619	1879.058094	1270.291262	1319.861163	884.027345	878.249060	841.597088	930.878151	877.684666	1454.155761	1210.394785	1085.689217	1244.416186	1301.897531	1137.289738	597.364622	754.307169	632.971733	1177.471930	1412.516516	1054.345344	1050.004925	953.221046	943.652707	942.415315	938.016488	776.938948	655.153717	981.712218	841.401956	1030.098934	988.717481	414.161385	548.539204	802.790596	765.972768	700.530209	1039.060880	737.273461	832.002783	846.286018	641.124492	687.483871	817.312965	693.997569	635.744351	702.702828	714.877158	752.304045	580.761578	802.419419	719.815942	677.020458	688.739713	905.804212	732.098728	408.214337	585.131318	593.796913	389.936032	631.888084	734.830546	373.038782	515.316328	665.520654	669.139523	361.957575	446.305637	632.817189	586.651501	608.493209	406.525206	477.382734	526.501017	588.433084	698.115383	464.646930	225.297759	399.341990	344.529041	402.593660	207.904747	330.643774	511.272883	532.369954	
4615.851667	3742.664741	2450.658075	4134.843380	3208.561363	7052.712676	9065.776508	9473.062903	5167.835966	4981.173567	7749.046449	57446.312585	370523.225558	64752.454842	17395.151372	9902.009177	4992.279689	4728.876416	3885.791192	1553.551140	1908.059532	2875.282055	3707.342611	2490.402898	2532.144710	2486.638366	2738.453948	4021.744574	2496.054440	2519.740347	3676.201558	3206.286718	3108.319927	1779.398339	1954.436423	2896.642570	950.448749	750.277405	1246.701157	314.917958	487.493910	1680.773329	1712.642311	1887.817510	1901.272696	1510.858737	1419.483890	2111.317037	2010.894392	1732.416502	1516.071912	697.775071	795.126698	544.206471	577.763253	527.248761	647.353007	554.552484	930.616308	877.905769	787.109287	915.568667	1231.284310	1070.494077	424.280273	506.764925	472.088237	1086.202076	2451.595339	1951.791864	1976.552044	1859.176882	1856.895650	1813.793871	1562.665503	915.074210	703.489145	1113.694090	1104.320982	1133.090866	755.735989	286.279011	374.721840	590.277875	672.234115	652.467455	1239.625227	1234.205710	1259.373664	1015.336169	873.950168	1051.855791	1274.089588	958.346020	750.851442	958.406497	1209.033583	1149.894206	697.740749	1214.530358	1274.796861	1290.901027	1367.753877	1451.784928	602.060915	302.263128	357.544561	412.677318	277.188134	564.478935	830.957323	373.475966	545.625569	683.509427	595.263507	269.718176	378.270075	646.841077	802.359425	959.184531	507.877126	607.252954	715.732761	875.904249	915.107841	504.519257	223.112562	329.176268	325.298957	386.291636	205.556869	335.316620	575.595053	587.377183	
5109.738002	4270.173689	3238.614604	4321.035161	3847.708789	5971.129903	8016.758187	7957.678897	5396.041683	5218.067722	7446.459150	21079.008684	64752.454842	300024.305027	92664.013336	22400.700715	7630.753258	6709.896353	4849.321634	2320.232912	2339.565460	3362.206255	3877.475858	3256.188416	3028.866880	2966.573118	3276.532944	3887.945283	3420.900867	3394.762405	4338.624771	3141.257714	3180.226370	2318.382868	2263.477959	2919.020266	1336.106930	986.740140	1424.126545	272.802444	691.034682	1963.967509	1965.226053	2268.368459	1837.079174	1907.260051	2069.108907	2293.125188	2507.499952	1814.391574	1591.411824	1043.253569	968.611679	771.836474	719.529078	762.994880	772.083819	761.719927	1073.509580	1018.405111	1024.531379	1024.986404	1160.301754	989.591003	499.576403	622.335447	592.933882	1162.676645	1902.990422	2249.546005	2002.895266	1716.002066	1643.591865	1451.709638	1204.709267	1077.505603	944.279007	1279.729932	1342.553134	1233.170015	834.805381	359.188999	447.831541	657.201644	739.269033	797.731653	1116.448814	987.353731	1076.456210	1079.519901	924.453154	952.336322	1137.819114	1113.501800	956.892037	952.149570	1069.701094	1153.361702	915.190386	1164.783022	1332.961289	1073.888314	1043.698703	1253.423787	680.713469	378.104785	433.847478	440.895308	354.240627	508.373577	661.697491	509.031003	636.429166	716.467034	624.857865	369.067603	516.439185	739.674131	817.349224	879.463730	690.107536	748.062747	896.701440	942.173954	922.434280	622.687369	248.338279	430.716312	432.147680	448.394845	279.918540	395.218299	635.491819	599.685862	
4405.707172	4124.667760	3226.919410	4113.153704	3735.532506	5603.164232	7114.937494	6484.835201	4594.036600	4035.489493	5694.160275	11371.366216	17395.151372	92664.013336	320858.116555	60796.451169	10123.966397	8428.706251	5931.032498	2667.909781	2850.683576	3678.939802	4207.601393	3476.989748	3345.149408	3333.218361	3541.234902	3824.587056	3392.199247	3616.797413	4402.829955	3190.491522	3135.165599	2324.392157	2406.688742	3061.045680	1487.459325	1100.671417	1502.068254	399.036006	641.466926	2003.402469	2215.229912	2224.716081	1764.238054	1802.279225	1991.104625	2223.844796	2335.347916	1630.917419	1681.753377	1065.181588	1025.822590	830.720405	757.611329	712.715767	850.098416	748.041271	1190.937191	1035.836732	930.392465	1132.609875	1323.020954	967.948175	608.222978	690.409781	594.073183	1055.347762	1664.698129	1987.598735	1690.888899	1488.464721	1241.962265	1274.113844	1158.537683	1054.681442	915.037124	1221.975999	1255.630533	1216.349907	863.559767	388.361610	502.082900	668.517325	687.064040	817.669813	1222.709545	956.036768	1039.968220	1024.928499	891.214768	879.166734	1142.648993	977.847459	824.899717	935.573319	990.963697	997.419393	828.084278	980.171882	1123.407289	922.388756	883.439227	1160.439608	697.783996	421.040423	450.599201	446.144349	365.758578	487.840960	737.727624	477.471625	644.679779	681.829375	645.985317	365.559079	482.363514	719.220031	761.845567	820.637207	672.245589	699.699901	768.006157	952.409528	910.724454	553.297847	265.529772	418.659685	427.248214	477.828958	268.705446	394.819637	692.734550	573.840031	
4726.496196	5116.725425	5438.965532	4785.519330	5228.547784	6008.283741	6416.083415	7242.146824	7760.220872	7882.391316	9339.505372	10014.226491	9902.009177	22400.700715	60796.451169	264553.114215	61318.751677	28090.200657	13651.636567	8428.303847	6578.223241	6918.914893	5525.482716	6424.779783	6004.808250	5976.913897	5759.655498	4794.355931	5821.337397	5743.297227	4963.778615	2793.941299	3424.590204	3991.290549	3661.586662	4276.315533	3102.121949	2461.015790	2521.430063	891.962327	1435.811970	2940.850754	2638.343508	2375.865832	1321.039268	1917.495331	2000.096479	1554.331738	1989.254976	1508.368234	1855.537613	2012.126039	1705.992927	1400.908450	1468.858701	1471.692086	1327.066028	1477.752415	1357.810496	1261.940537	1314.565510	1222.011478	1021.497708	1167.996352	1123.780343	1006.379798	1192.139111	1271.294458	1052.724056	1305.121955	1053.858314	866.583400	692.745788	644.617450	678.497931	1206.667784	1226.943218	1058.438294	1082.435422	971.544802	976.818467	738.184292	798.012493	857.146101	1001.597877	1044.172887	893.674082	486.395966	585.564422	676.105096	743.837409	649.673397	644.594306	887.179071	774.084556	665.015278	608.200478	714.568708	875.109709	726.223120	617.672383	477.047853	458.917800	683.054319	908.281040	674.558643	565.140598	497.828294	518.033157	586.612917	512.374546	605.449173	688.054218	640.302445	650.932753	570.476854	686.434958	684.216451	636.498793	562.201616	675.982176	689.494655	689.533303	517.033418	645.471747	717.281234	506.736176	571.211791	583.326157	602.862556	371.835092	554.057571	643.153210	585.298294	
3434.297639	3878.434318	4847.094601	3763.331588	4264.895315	4817.802270	4276.720966	5304.946373	6702.055399	7539.083026	8581.484663	6552.953750	4992.279689	7630.753258	10123.966397	61318.751677	290457.376766	83390.511549	22465.494686	13747.244661	9959.307437	8427.278053	5694.054931	6641.774775	6460.383171	6583.019001	5582.618525	4334.326251	5284.360083	5234.689158	3968.440278	2470.151018	3396.085445	4100.827322	3601.299821	3999.167396	3763.247334	3239.062677	3108.941084	1269.594408	1717.219845	2610.307563	2148.327425	1827.496691	1018.672981	1279.984565	1214.328442	973.594497	1262.506300	1022.149303	1694.250842	2025.053947	1849.164798	1666.634842	1704.296536	1566.739919	1619.679330	1545.997845	1371.543208	1227.142084	1294.904497	1171.367819	942.969704	1070.206279	1289.522631	1196.175993	1338.628297	1219.660692	729.443239	741.648751	600.320400	487.603940	463.692439	435.085165	480.633365	994.010335	1021.585713	722.442233	656.470192	685.632387	878.840236	904.598650	880.406563	822.361530	873.319707	865.033970	591.021751	360.566351	433.864114	562.068301	619.645235	500.965915	460.945614	613.476613	658.040005	479.071676	381.232783	460.957114	696.602069	505.806169	370.100802	307.207141	303.054459	458.566471	710.772400	719.623706	593.648484	485.194495	519.682081	537.607224	439.973041	527.542169	461.788591	505.154804	560.586683	601.713302	557.127785	479.234926	376.972528	412.160070	448.980289	459.601767	405.234255	353.745141	452.822689	536.400550	440.656883	495.342670	477.803797	519.499589	396.365906	420.819196	429.737274	431.857035	
3172.825122	3728.547308	3894.433658	3669.622152	3853.016225	4436.649361	4458.222920	5290.087938	5800.199547	5865.936549	6689.886058	6569.913949	4728.876416	6709.896353	8428.706251	28090.200657	83390.511549	299271.470664	56022.749122	16260.207443	11369.827606	11012.808717	7812.802719	7801.178073	6849.555073	6589.348348	5746.054461	4539.836171	5110.062242	4621.408071	3895.810370	2542.704176	3426.388637	3720.936763	3496.458870	4125.239385	3054.529852	2310.439387	2796.400341	698.333497	1321.849413	2457.642728	1981.494656	1696.370690	1005.543211	1122.650188	1061.596781	1052.414165	1290.592575	979.897885	1705.544011	1736.104308	1588.230143	1346.901770	1352.479933	1363.719253	1497.514436	1328.974765	1246.640594	1194.717503	1123.346820	1144.957431	958.913760	1065.196351	1058.865393	1058.206350	1087.370999	1219.703042	776.633633	691.404313	580.105921	421.560756	439.874540	449.869967	542.466821	899.315888	851.738251	732.746469	625.965132	755.612609	944.948996	755.072539	686.001637	810.608018	698.313959	740.695730	614.950312	407.668562	445.624154	523.283342	524.884070	411.143431	487.159051	534.291158	590.961121	530.581908	387.389164	469.659042	575.582630	505.853543	368.632638	291.563932	318.886045	457.639506	663.420511	612.569367	548.421477	499.466133	489.224964	485.987746	365.098566	425.667246	464.924449	455.618489	460.457037	508.474363	511.905025	444.724143	387.960654	421.493702	414.234907	406.239895	373.073224	343.798976	396.407699	481.399547	303.525768	395.412414	406.371488	422.067119	293.029885	350.372223	380.037143	381.007601	
3118.743717	3618.795732	3895.834412	3425.798402	3478.268601	4183.120480	4084.363536	4652.892692	5286.678193	5482.311293	5933.495091	5515.556032	3885.791192	4849.321634	5931.032498	13651.636567	22465.494686	56022.749122	298133.546390	55980.882074	29033.228910	21648.135530	11807.961493	10816.023876	8722.526769	7963.605602	6009.871239	4701.725283	5349.334100	5172.667901	3867.869521	2666.511645	3614.156654	4161.785227	4276.160593	4899.396332	3928.356857	3185.181721	3849.135211	1144.713028	1932.064532	3055.157145	2019.383768	1607.702425	989.056024	984.719544	945.367613	1021.796162	1113.524746	936.154402	1677.804322	1804.767423	1813.530627	1614.959456	1434.200771	1393.381767	1579.700929	1320.357722	1393.796452	1189.599974	1195.579033	1120.439177	989.075598	1137.267012	1147.262507	1145.601789	1154.069539	1241.785483	778.659757	617.908182	468.917782	444.321205	455.837719	485.895461	562.327341	881.124871	804.108307	666.228748	514.574628	679.730132	945.062639	876.363931	881.930381	837.811396	763.603949	658.182766	574.457389	381.000855	453.817934	514.133717	544.905791	472.546094	433.457322	498.412792	544.708257	509.543206	395.255966	405.032910	507.957509	487.305874	345.403649	322.671021	308.204248	471.082855	616.640772	642.321129	570.552396	540.489062	494.036761	481.904907	415.299407	423.980467	365.359776	402.007687	467.647616	468.704863	457.826014	455.254617	323.916741	339.946402	345.131523	399.405645	320.057253	304.383236	368.677249	436.575060	422.694089	452.713011	403.513498	469.352734	361.520933	379.787501	398.871540	446.779483	
2179.018804	2832.869258	5420.147286	2377.894325	3406.843807	2984.633809	2085.863777	2585.458472	5570.480302	7545.959753	7490.179362	2146.160205	1553.551140	2320.232912	2667.909781	8428.303847	13747.244661	16260.207443	55980.882074	299493.631468	85487.154338	30918.242298	8899.047639	11632.166415	10324.227576	9497.195533	5489.555538	2959.446710	5353.591180	6310.027576	3023.027358	1697.108333	2617.623696	5391.541935	4871.667339	3102.893507	8315.361372	7913.229745	4765.666114	2726.057003	4334.889055	2466.934968	1972.214958	1180.899716	506.871924	693.475417	616.028075	381.200990	571.876292	410.423326	994.148303	1967.473420	1695.636813	2049.554790	2141.101433	1877.453210	1955.674594	1773.497414	1038.472367	1008.938536	1131.207958	766.986975	464.227253	674.917485	1770.684232	1487.000207	1749.435737	867.285909	257.693400	352.318037	266.043468	170.216897	222.007522	172.355329	224.492389	716.931421	841.946341	323.861355	307.427383	353.392006	604.512545	1483.267732	1060.514315	726.635748	655.198116	609.774737	215.649853	181.426598	147.898280	308.588644	370.124597	237.080514	185.351461	297.243792	479.617216	164.950455	146.118280	211.419796	458.238378	261.557855	169.771636	123.540740	132.624078	176.013103	552.314276	965.932765	574.353957	479.670481	594.100951	393.399567	171.348506	355.340405	270.314298	225.600657	340.980715	593.776905	380.354667	254.299291	206.042045	164.902197	303.622617	297.104285	186.134494	145.102373	201.025839	342.810959	844.088282	532.552140	520.483836	502.679179	743.927964	515.052379	331.744313	314.928663	
2356.376476	2959.935281	4492.264031	2561.702105	3027.707174	2983.211201	2443.528782	2885.617631	4554.199529	5630.081875	5658.514836	2836.936315	1908.059532	2339.565460	2850.683576	6578.223241	9959.307437	11369.827606	29033.228910	85487.154338	310124.668057	50282.995876	15027.883375	15251.821214	11969.188777	10185.387747	5620.789976	3452.729644	5037.392149	5999.883143	3201.085181	2209.632303	2931.306899	5113.521463	5030.739401	3715.608676	6674.256470	6614.829094	4849.595552	2044.609621	4001.954259	2662.439609	1972.653327	1362.720595	582.490002	636.648748	663.856302	606.736825	664.282524	528.465350	1203.366608	1729.659227	1829.347626	1911.625340	1686.555069	1546.813224	1799.878117	1439.920552	1272.671051	1021.339225	1085.473352	948.941662	632.525696	846.495917	1479.825830	1394.206003	1308.089391	905.734608	439.263803	338.521563	294.814319	230.005741	258.350165	261.516167	355.890296	825.021388	863.540832	413.447957	334.303311	372.287444	766.106674	1140.775098	925.242337	736.898867	658.288489	562.995370	325.811392	254.113930	248.222649	386.557209	460.361738	310.807582	297.461199	363.568802	505.973398	303.394773	235.503660	241.316274	457.606063	265.489285	183.693352	165.041591	182.768068	255.611326	548.206642	789.216663	556.556409	643.565837	606.907110	397.540843	297.230286	369.423131	278.728027	311.815542	356.477763	548.896562	395.745737	278.033215	234.412780	227.522350	302.430964	321.643083	226.489398	196.869546	209.383391	397.953853	743.688221	524.602841	478.481975	522.053522	651.370117	498.202289	390.674275	337.146865	
2867.785387	2973.487999	3253.903686	2881.903896	2852.165776	3492.745273	2929.809924	3462.579543	4026.348961	3708.503630	4041.002598	3776.650324	2875.282055	3362.206255	3678.939802	6918.914893	8427.278053	11012.808717	21648.135530	30918.242298	50282.995876	265842.156649	90599.106122	39627.216577	15954.267436	11446.779622	7294.866092	5443.179096	5572.668243	5294.222191	4171.231623	2690.389534	3605.455492	4157.612500	3815.251682	4565.512476	3841.056572	3222.768451	3558.208278	1140.571329	1726.763514	2913.463603	2105.571801	1617.314702	1044.511430	885.936423	876.681165	956.856639	1111.678255	997.730884	1629.658175	1647.648068	1819.054205	1603.006080	1507.523834	1432.828737	1567.638243	1463.314089	1392.440782	1172.929219	1129.257273	1096.122476	937.832525	1162.377537	1113.718005	1145.670682	1127.785000	1137.704023	958.081668	593.636485	534.292150	459.835177	543.495164	538.135988	689.430287	822.220466	726.754263	635.188041	503.351510	612.467621	929.762184	733.523140	748.690353	768.401736	689.246843	611.141881	625.895037	436.179196	461.793288	542.219160	512.380418	481.863290	500.085748	498.689699	555.798778	482.876782	411.624747	476.638714	517.408890	505.414778	379.102157	365.586304	373.495953	468.059946	588.729271	560.128401	584.463621	502.046215	479.710500	513.870573	442.204983	345.928645	406.746952	393.345369	439.865591	439.085945	403.174571	371.412264	338.948572	414.940919	329.574679	361.955415	309.095226	301.853971	412.766008	426.210353	374.561446	428.694544	418.560139	413.624127	332.733628	384.825102	431.054319	440.497815	
2600.278263	2498.185218	1959.697699	2825.184946	2246.329115	3555.711403	3318.750776	3399.048387	2550.058073	2206.236096	2356.786106	4257.581505	3707.342611	3877.475858	4207.601393	5525.482716	5694.054931	7812.802719	11807.961493	8899.047639	15027.883375	90599.106122	285725.891587	100101.011527	16568.737790	11137.168672	7183.609480	6729.536498	4720.524263	4066.952024	4452.659980	3553.224028	3884.635563	3062.892802	3095.508567	4363.117388	2125.583587	1746.157864	2995.977457	604.316306	992.659087	2616.458391	2001.825222	1702.791061	1398.867073	1059.425382	929.172288	1441.338298	1333.806196	1193.295785	2009.196225	1393.355734	1752.839890	1247.842659	1255.383136	1265.113483	1369.476724	1188.891724	1517.184479	1186.944568	1035.012280	1260.748685	1342.901436	1317.128495	826.313287	1142.074730	903.671867	1373.745052	1312.408740	821.897359	738.480064	698.142939	819.306631	781.112654	1042.976980	718.413057	538.340674	741.360144	577.943820	880.143466	997.156267	497.225669	575.300099	809.233316	680.162884	521.648798	889.933697	705.753317	702.103864	787.630037	639.672103	632.889163	690.890570	543.242698	580.168433	628.222125	533.049359	568.753009	518.059917	683.347903	491.516036	461.508722	559.808194	711.940759	609.108491	462.813704	499.451530	587.644517	407.177338	543.218301	610.989133	342.140156	392.416029	555.303982	595.134320	320.561303	335.981868	484.502522	457.982204	535.090020	294.047352	361.927450	355.595885	445.493450	498.725955	406.997822	208.900002	330.716835	261.686751	405.390364	169.264009	301.078924	419.872941	454.082773	
2657.723276	2916.260524	3320.440602	2896.805935	3199.424731	3361.505316	3071.657715	3428.223161	4051.742249	3900.782572	4171.303522	3465.913377	2490.402898	3256.188416	3476.989748	6424.779783	6641.774775	7801.178073	10816.023876	11632.166415	15251.821214	39627.216577	100101.011527	256708.417673	58933.002025	23194.106004	11169.236079	6831.315943	7699.696274	6582.585571	5030.919005	2781.611015	3527.437325	4306.983490	4169.518840	4503.759557	3722.259383	2993.805348	2994.215768	1128.448469	1564.742714	2693.789100	2262.188187	1912.580451	960.004539	1252.321294	1299.411786	1105.612690	1304.361947	995.879179	1861.742121	2206.265504	2096.777674	1731.172888	1915.728497	1764.314243	1821.982715	1697.213990	1534.470708	1351.913894	1383.199611	1307.814641	1081.180251	1152.975759	1289.396560	1260.555811	1303.022420	1251.015970	795.264228	765.598192	581.676910	514.934551	480.512700	470.142069	565.730665	959.219714	863.367267	704.800809	617.858541	722.545864	866.408690	804.502385	796.525109	913.197057	787.975577	753.186016	631.955765	444.480409	498.062500	555.169625	543.489367	467.606150	488.055247	612.898507	570.121599	445.291003	400.702552	477.570953	597.135967	527.922897	384.070844	300.121366	316.624498	483.073092	704.670692	642.022890	566.875222	524.196019	568.841075	528.071223	423.479334	448.574111	459.933774	404.400888	543.707956	480.535495	506.935162	454.918154	398.767000	383.863922	404.552102	441.148460	358.901000	337.374669	404.576564	461.899272	383.507542	467.130583	390.035121	419.812544	284.932950	357.478481	407.268644	374.100822	
2705.809620	3429.330957	3961.669455	3140.197824	3255.296210	3667.234381	3064.371556	3611.563860	4451.627843	4519.783699	4677.449933	3929.068507	2532.144710	3028.866880	3345.149408	6004.808250	6460.383171	6849.555073	8722.526769	10324.227576	11969.188777	15954.267436	16568.737790	58933.002025	279866.167888	87713.834914	17649.408151	9691.937336	9793.391832	8702.372880	5768.804463	3274.916563	4091.209175	4967.506927	4764.042138	5017.396474	4605.708615	3702.741496	3427.807954	1270.473562	1810.733486	2872.869960	2344.084795	1893.988949	1044.755085	1193.786206	1262.919144	1083.539387	1291.535488	1039.644134	2129.115874	2306.896714	2289.617754	1994.579900	1904.054237	1938.320310	1872.473211	1828.975975	1653.831120	1467.099005	1399.990976	1426.126069	1080.848330	1238.324291	1431.946649	1281.320747	1480.318794	1403.712414	814.600682	704.467780	572.172419	505.336534	502.564080	438.587201	613.588080	1015.590615	998.546130	759.332592	637.343478	718.160304	1059.917713	1015.190143	915.779997	933.041684	930.002465	781.470118	649.439617	421.489584	425.775546	560.531126	570.757741	479.140341	437.597376	563.837146	607.792511	488.689476	407.942516	480.716356	656.166191	506.128717	359.718430	307.897920	307.019531	422.495408	785.312076	768.775093	663.269679	552.651224	554.125955	572.320795	457.475269	470.046187	434.798436	447.597360	577.997438	644.083373	542.228393	449.657544	378.057437	378.446096	438.266330	463.523524	392.126245	362.666777	415.852032	517.442626	459.118966	534.770431	489.302113	501.939224	372.007257	401.186546	434.594870	432.750111	
