369760.626900	98690.781190	12081.635658	6982.235083	5933.020393	8900.809874	9342.226162	5007.534093	3314.097929	4202.478834	5741.309069	2971.846959	1955.544397	2368.851938	5015.138701	2525.986250	3683.330964	3190.409266	2131.257590	1582.656279	1573.578138	1878.215081	1809.540186	1652.493756	1515.183437	1430.164101	1356.640657	1407.954043	1380.895577	1160.492540	1359.474557	3227.056257	3684.801635	2538.721217	2744.299103	2294.668404	2868.056477	3100.168625	2383.733867	1826.227623	2057.346925	1777.936436	1696.072571	2871.550605	1614.779034	1156.290325	707.024028	1349.940292	870.020736	592.797847	968.049294	1123.284522	1381.767979	1349.167327	1075.237027	672.276670	699.869207	748.976890	905.598774	856.609707	475.030299	535.084618	927.395386	1033.824554	734.904169	834.872826	1069.885176	58.466517	854.325594	1099.543744	1055.233381	992.780349	998.615142	954.617048	956.698053	944.542484	963.515818	953.938125	779.132696	578.328054	456.388359	251.273223	232.618709	205.590045	324.678126	286.272516	479.355461	384.786509	299.254342	185.267751	257.065985	319.265652	472.772728	494.270238	437.502608	212.732775	230.993399	189.809681	241.878792	168.060126	274.846681	135.622404	124.293010	132.046112	213.065177	259.078958	325.444715	228.114867	334.088221	383.064578	408.207890	220.091833	264.862455	282.822092	187.082612	140.506870	259.578526	130.153425	139.286198	156.506401	220.600110	183.522471	212.872625	196.717355	292.166553	239.007896	120.725396	153.646907	305.291332	529.700086	659.491364	771.669561	737.387368	502.933877	492.768826	771.502107	776.649279	729.984506	498.809038	537.161729	407.037739	270.885765	159.500869	263.340200	190.445908	247.377882	350.681202	665.119403	526.348117	310.844816	188.393460	289.314009	326.682287	204.224993	323.258911	317.139843	343.234271	341.001454	203.366516	138.487962	139.641773	122.750402	102.775539	89.088921	110.866895	303.319269	343.712684	405.198511	451.235171	604.017821	689.785613	629.606373	565.052862	884.190992	1183.679990	1258.657717	990.393075	2159.487358	3459.843163	
98690.781190	304772.943029	41436.926221	15332.489883	13517.883923	15861.214469	14182.677733	7222.836290	4257.030217	5370.117289	7196.936827	3898.948128	2310.053567	3141.237207	6110.845654	3472.280379	4767.369019	3957.034559	2190.089871	1735.125551	1595.340789	1852.751056	1668.224175	1859.259436	1654.009620	1518.569223	1457.361032	1318.414734	1457.606186	1387.835066	1447.901466	3847.734781	3888.869374	2773.415071	3062.762584	2600.793482	3190.394061	3095.816649	3002.542388	1989.244945	2037.687382	1957.445100	1882.626353	2874.980679	1912.639630	1276.342161	896.024451	1793.033884	1025.191217	709.457450	1059.374608	1149.123047	1404.571295	1222.219204	1070.795392	783.376222	785.359358	787.058109	970.418701	1079.108477	550.119920	581.207600	800.410157	973.985596	779.597978	807.393691	848.759516	23.039703	671.359358	966.687777	1009.767700	871.908595	780.537308	769.571287	774.673707	690.567002	718.616955	748.010067	641.128527	555.626630	424.079352	218.244613	185.715505	213.744799	331.708771	291.543037	428.909544	324.810674	287.310976	162.111888	242.551986	303.428787	410.474557	460.244332	430.269808	231.185796	219.422467	165.830469	228.759259	173.779348	261.843280	131.641657	127.605076	133.339598	196.328760	254.485229	287.337988	218.580600	281.826028	350.331939	381.953304	205.689544	271.453484	277.713333	187.176990	137.900319	249.402650	121.419142	96.791815	152.585916	184.326213	170.315928	235.357865	169.054354	276.911730	208.373968	131.742965	175.377857	275.446073	383.022486	471.600545	522.233042	595.810574	481.203991	483.357808	520.980430	503.527678	616.231192	500.636451	554.326045	372.101991	229.426469	168.320796	297.614802	226.975573	224.066243	337.018670	527.282631	429.341689	303.690118	164.274802	298.334911	253.626345	210.110887	252.024234	269.062157	293.345471	284.644953	193.498545	91.507052	136.621642	98.824181	102.376035	100.639980	135.435722	260.788361	313.384158	394.951737	409.715941	484.218993	488.413634	476.365161	471.633028	620.261723	766.259915	985.953531	908.053445	1307.920506	1294.329323	
12081.635658	41436.926221	251366.464597	90974.378243	53325.645366	19865.827385	10404.107254	9958.129689	7618.421841	6079.809290	4066.254075	5997.774192	7013.801583	5957.666398	2962.541085	7213.932735	6371.967868	5433.851270	3295.441110	3230.211352	3550.319111	3031.095834	2893.097453	3262.949600	4394.834982	4369.917713	4363.057517	3918.358861	3840.040551	3993.955031	4141.947476	3454.867315	2256.957811	2462.929125	2044.443257	2394.920961	1908.553063	1843.499191	3311.981768	1837.296042	1450.111963	1628.501877	1898.361000	1531.781652	2910.371192	4205.190566	4691.165206	2097.205781	1293.763151	1038.508322	946.586193	981.709295	843.993276	480.697372	586.018202	936.877267	676.680032	609.292110	688.565577	801.228286	920.531329	808.255496	366.943911	585.726996	557.306818	446.081614	334.993947	56.981546	208.763590	471.263830	566.882374	436.904380	364.969374	345.262442	312.377401	219.874255	249.229322	333.523792	315.596279	350.241059	342.886246	291.120686	313.567130	260.052520	210.954493	272.112652	146.566424	199.349255	268.321390	284.349921	284.647506	245.061350	201.350532	170.285395	170.004885	278.156548	186.025563	184.988771	163.201428	197.860284	169.746551	228.180585	207.206546	171.589759	140.501944	142.030520	156.581968	232.852054	151.350551	214.270108	175.303909	262.559576	219.363994	192.495287	160.494922	165.359318	115.318516	164.384269	144.506485	150.271625	151.294301	144.994029	130.772374	145.144711	116.278879	163.880749	165.498561	174.271596	134.242438	135.326731	152.906614	129.807153	273.487173	346.052984	418.922131	146.179823	118.044012	162.359327	610.155256	234.620351	137.319068	161.555685	246.348351	180.140448	251.250988	220.703713	187.452781	119.590510	185.129357	211.000164	242.206984	149.425002	190.080595	189.503201	106.997628	122.724894	96.676148	126.443163	108.856662	130.880537	124.362727	140.214678	139.118304	244.560413	255.270548	214.992995	235.520151	155.545008	289.805254	187.803831	170.329326	208.629175	427.973566	259.906286	154.547400	495.154588	1253.737465	523.817169	456.018503	
6982.235083	15332.489883	90974.378243	255662.775379	83772.719701	19087.317273	9091.948561	9796.332654	8190.610813	5883.070178	3483.749148	6118.398540	7802.759452	5984.505317	2452.125316	7171.499316	5875.365662	5292.797542	3284.546508	3666.115312	3849.684290	3158.848073	3075.918881	3606.465466	4955.605359	5040.620176	5032.156787	4408.796491	4374.327967	4640.245191	4388.505477	2877.251053	1871.069268	2107.533011	1788.768387	2236.498692	1608.015794	1548.706325	2766.636993	1691.499719	1333.734248	1507.296072	1705.043882	1323.806489	2892.489282	5021.375638	6049.010637	1892.451398	1230.260098	1043.567447	890.628154	900.374453	643.891397	357.654265	477.849817	836.619533	602.180788	494.559192	580.191696	665.593541	1023.708537	838.283813	366.710887	421.475832	515.187876	421.196471	279.208223	0.000000	188.027690	386.185481	418.244549	329.823232	330.981891	300.685145	267.827042	170.781017	189.794092	272.408038	235.606043	299.579416	346.037511	326.630269	316.748038	321.042316	185.682773	260.624868	149.792858	167.746452	271.546832	293.668492	272.059244	226.444165	189.410992	171.437906	181.903270	296.471068	154.237989	171.242533	162.567306	181.846271	121.390781	224.522107	226.342996	157.195786	125.589947	140.812875	140.376209	202.668327	141.399332	182.195518	193.478402	273.635593	212.942145	139.030327	139.773208	182.063550	87.515249	143.425630	180.585549	134.921553	111.364130	136.629288	138.569826	149.155542	123.123269	124.188634	164.134271	209.702108	149.807253	118.624806	108.071026	88.152174	193.051884	264.712606	306.416275	89.459728	113.420494	129.025190	594.502171	199.663995	102.805111	142.009110	222.505482	184.418536	219.159509	183.236999	161.329907	99.155188	132.482767	178.055510	278.778837	137.138678	154.389494	193.610712	102.318611	113.446185	92.039426	108.454769	111.584412	158.401978	114.857345	102.407487	176.603494	283.337366	268.808900	171.402593	184.730433	119.649493	212.572873	133.183348	144.291150	174.462793	349.825518	208.774069	124.469857	337.280540	1055.713793	339.727600	288.824086	
5933.020393	13517.883923	53325.645366	83772.719701	245089.372014	45927.614255	14515.193470	13717.151442	10433.658290	7174.314940	4035.026495	7142.559204	9289.837113	7059.542712	2787.942959	7839.206964	6080.176293	5158.367686	3871.363642	4103.840365	4475.914514	3846.290981	3606.219333	4219.839937	5652.782106	5424.367148	5481.642357	4787.253662	4712.188977	5079.316582	4797.689855	2876.168921	1951.558576	2116.235169	1793.123645	2161.881345	1581.631271	1506.136433	2655.635705	1904.176392	1504.031388	1689.392997	1882.876967	1504.310604	3349.202922	4981.654457	4646.667717	1712.721906	1305.203199	1266.586572	878.952500	819.151506	579.252601	329.281129	448.873966	897.424761	581.648251	508.826104	580.411164	643.525364	1017.901854	892.082930	339.695359	476.287217	453.611063	416.359577	301.971800	0.000000	196.434600	348.797371	400.353264	337.193851	289.280360	290.216145	241.501988	172.264507	201.427281	251.668956	242.915686	314.049430	347.192006	320.170400	416.946810	295.468299	223.920772	287.762659	136.928969	186.338122	257.464711	314.788261	346.355825	266.282660	181.038922	165.798271	155.953745	308.279273	185.104494	235.308545	158.966362	216.485195	152.181945	248.634364	288.413232	209.423484	145.138498	140.848816	131.987316	227.510941	173.460783	144.070764	147.002923	268.744261	231.636739	149.309355	153.385095	162.616987	102.479900	167.295231	172.254521	123.176047	112.987277	141.548639	125.979072	124.172600	107.018692	105.414753	143.862842	181.356047	122.727169	116.417816	117.898700	130.389874	183.260425	254.512466	302.591837	109.200122	109.376899	111.869882	527.418754	178.089637	101.083890	177.144456	257.624100	149.124173	245.494236	194.125906	154.824505	94.171380	126.490441	171.874945	248.800830	130.935761	168.769538	176.816400	105.938976	109.323081	83.654505	118.104905	135.040549	156.290721	145.046163	119.998070	132.902266	281.368026	289.935544	140.232550	162.406818	134.962845	197.022357	130.619452	135.945740	184.233616	298.267882	192.143266	123.390906	321.599050	808.804948	292.780335	264.200958	
8900.809874	15861.214469	19865.827385	19087.317273	45927.614255	244348.209828	92195.724957	25187.494083	11024.263427	9899.391693	8230.637564	7390.660493	5580.233968	6071.737131	6099.427980	6161.890519	6227.429692	4686.388939	3652.869466	3157.253478	3103.733870	3248.050857	3286.388786	3201.584327	3241.157862	3204.815469	3159.546171	2840.597958	2943.805089	2978.533076	3121.883312	4254.216855	3190.398312	2822.158894	2685.750131	2659.604157	2574.841181	2467.642823	3190.650484	2417.141763	2147.196990	2227.396528	2374.802212	2507.322874	2939.538366	2482.316787	1566.655040	1802.159598	1352.696910	1081.945931	1183.800410	1158.685238	1069.594128	774.126283	830.905560	928.855639	914.522231	905.490153	960.429589	986.462928	909.709351	846.367586	644.028350	775.607278	702.878397	626.644213	561.336430	50.136489	343.876004	693.939237	679.930421	632.725790	484.785974	528.436019	510.558877	390.133548	426.260337	520.410606	482.161186	456.357244	463.285715	359.488158	341.959399	355.097821	364.663991	373.784943	321.593377	330.832307	349.000514	323.998180	333.248022	353.406526	333.725225	353.341034	309.676420	313.859295	262.720043	238.471866	258.473576	210.985427	252.091033	192.200355	237.009915	226.465637	208.160632	241.769575	250.815966	290.332595	240.931067	257.685590	282.116630	248.551608	245.978494	254.454518	197.893200	186.415595	191.919388	183.358945	168.245373	186.897237	173.405897	169.480849	194.655454	180.126625	192.537224	181.376285	240.041537	248.746309	234.469501	218.295466	235.442038	236.279654	358.293879	367.449095	412.500510	254.928649	253.712774	323.040050	472.261124	325.829907	221.862588	227.957474	265.438079	239.455218	285.796161	267.012768	271.566615	270.768488	289.901519	259.744182	239.463703	213.182520	235.817802	236.999569	196.507460	215.964492	209.269232	208.225108	151.802219	153.544228	165.167291	165.249262	148.111690	169.344379	199.649340	249.969886	268.322692	276.555988	286.196912	246.753606	254.848121	290.776379	334.106591	282.552238	244.470355	402.833189	563.360138	472.435184	403.498587	
9342.226162	14182.677733	10404.107254	9091.948561	14515.193470	92195.724957	267453.985835	51427.084700	13321.948064	12597.688579	12161.219884	7335.230285	4682.031827	5446.772962	7778.536454	5155.247782	5544.623267	4486.262814	3282.550175	2650.421355	2457.452641	2888.795937	2857.205566	2807.401225	2568.457743	2321.328603	2214.143825	2264.163054	2273.266080	2224.231247	2371.361927	4223.951667	3867.216213	2933.438985	2870.694051	2697.827073	3032.802016	2873.430410	2998.300173	2384.462613	2360.731740	2265.700594	2278.541820	3098.130215	2481.115660	1615.496152	883.556457	1650.466598	1230.189214	932.690561	1174.972349	1159.783591	1195.035151	943.109789	996.616998	847.363043	895.164459	892.534910	998.760842	1034.431741	717.564210	729.655002	842.064871	890.273465	698.571730	704.868579	689.468929	90.426556	471.904542	742.257057	755.247679	646.475434	646.199450	578.607735	581.350962	500.950945	593.269688	619.247027	555.470224	498.105778	492.759693	378.714799	342.255406	313.463184	362.670849	366.233620	425.935555	348.461680	377.844307	274.132898	314.523925	383.250877	422.822758	416.911022	396.661766	286.104926	293.331929	220.744125	267.624678	210.022013	249.914617	210.862804	156.824377	182.953873	250.839900	296.843169	277.158473	226.541928	313.662568	309.594993	361.080292	228.795100	242.873375	257.434480	238.236567	167.085235	237.621596	154.056335	155.198926	174.820244	212.453079	216.661141	209.869060	177.049786	271.706786	210.182091	186.718526	215.101730	264.704323	294.958119	311.782590	319.294977	374.452551	364.814846	400.038476	341.023431	358.213672	462.873134	461.311865	400.115281	299.477612	262.633089	208.014159	279.725105	259.528116	253.165908	312.696939	326.379289	350.736117	299.517825	196.317532	259.904320	236.039069	191.976130	256.046574	221.446612	258.641159	245.399670	197.195173	151.448034	175.014483	163.312239	122.529038	137.788340	188.618090	274.164084	296.325612	337.008730	316.787627	278.655364	317.965362	297.000873	347.908334	320.799792	327.680986	394.865776	412.729584	533.112475	482.110978	
5007.534093	7222.836290	9958.129689	9796.332654	13717.151442	25187.494083	51427.084700	247648.503026	58134.140566	33966.987586	16528.323143	13548.732679	8673.571503	9524.847971	6970.301678	8023.890897	6770.960682	4601.067441	4071.101873	4151.753475	3662.940495	3943.780001	3771.366211	3803.853231	3908.834046	3461.447116	3429.225691	3427.283125	3292.503742	3382.264471	3753.938871	4392.775765	3033.325968	2847.503941	2628.343960	2709.567413	2696.695461	2211.904031	3390.884209	2791.475767	2339.878649	2630.961482	2736.614522	2331.255627	3174.742393	2294.988005	1271.535398	1498.701711	1553.772428	1416.200019	1198.885265	1115.441401	988.786896	582.043979	756.668725	1133.681535	940.634469	830.901660	800.784808	1012.326042	1102.710927	1047.522184	573.033968	644.447408	699.108320	498.023457	447.282080	28.950473	283.664884	584.883431	616.895973	474.439954	432.157043	401.935032	405.909811	261.431477	328.182489	390.749071	394.543959	425.903798	459.524395	422.778418	465.224682	473.625690	385.411809	438.671747	238.290049	265.742216	410.592659	369.840537	406.370680	340.975480	337.826804	301.651039	275.462903	349.380151	290.162610	282.688940	241.995808	242.328502	250.253413	299.724423	281.812854	272.434949	271.890867	220.728053	210.104715	292.491692	243.842213	220.579690	265.814220	295.381272	242.601886	236.925407	201.914161	245.477527	155.330548	193.341596	188.368073	164.177187	180.032293	180.671755	173.846138	217.928002	195.374482	224.127951	260.136249	308.256422	232.097953	174.858692	176.150494	162.403842	267.380031	400.447306	384.486479	185.005962	177.633889	252.028224	415.349687	282.884686	169.726440	243.240620	331.979422	241.110325	302.455846	326.646524	281.729275	178.023088	222.093404	275.382133	281.841376	181.860045	212.462310	254.325643	150.142721	175.510834	166.914303	197.933778	173.224240	189.791096	181.208844	193.455075	185.185510	229.390529	230.568311	253.571868	260.296559	256.327107	280.066107	208.804974	214.047657	246.734161	328.290964	220.670127	178.494722	271.798857	344.374199	338.024131	339.374252	
3314.097929	4257.030217	7618.421841	8190.610813	10433.658290	11024.263427	13321.948064	58134.140566	260151.885268	85542.632071	19311.765927	15271.354976	11504.836026	10012.467694	5509.520135	7760.718673	5895.148091	4522.547935	4155.515934	4542.048540	4086.657653	3784.627620	3603.410787	3969.140917	4199.234747	3909.515934	3782.008277	3718.284320	3732.016148	3980.859532	4204.104768	3393.166053	2503.497469	2665.054258	2133.815977	2301.259723	2252.669887	1880.704317	2769.478466	2428.055059	2100.594765	2372.028896	2525.619866	2006.486136	3092.289786	2749.931949	1540.060203	1310.345410	1357.546708	1342.919256	1119.556411	962.614889	714.415505	513.964783	689.785058	1077.018578	863.878790	714.369931	694.428680	802.056292	1185.547522	931.234096	541.650563	590.336637	633.105009	491.160930	370.372737	30.971172	279.714885	481.535193	486.117813	444.365546	437.182930	388.988044	339.572893	267.777763	283.103661	346.126956	383.616879	399.457522	437.361107	422.406840	502.497591	443.348538	371.776581	441.831890	250.939171	292.872977	395.441552	459.021442	427.062946	318.349135	309.486217	285.089807	238.748681	359.767615	262.758365	294.625863	253.630164	294.852920	243.188543	249.558401	310.146266	249.190173	226.854920	205.860878	204.038519	344.706677	226.224748	232.924406	256.720794	279.047006	241.789138	221.042826	208.886338	241.546393	169.087689	230.756418	215.796531	180.549415	167.711980	179.476486	168.878694	222.541816	168.204351	200.556737	293.754107	293.286811	208.004058	177.074733	165.252235	148.163535	215.704370	299.452278	322.052389	181.743017	169.461940	183.589533	365.610237	222.689711	147.528134	221.667565	326.509865	216.879709	273.124831	252.957147	207.563483	154.015140	180.856037	218.848231	278.864577	167.940136	219.026698	244.869468	144.006339	170.961535	134.853525	142.094895	192.013163	219.340566	187.480073	206.957946	192.061981	276.863389	290.708349	203.453099	210.123670	180.475975	241.233570	179.435786	134.172573	194.393464	271.385817	177.054425	123.936090	233.968422	313.615689	252.623071	272.296545	
4202.478834	5370.117289	6079.809290	5883.070178	7174.314940	9899.391693	12597.688579	33966.987586	85542.632071	254083.618130	49775.413887	19746.353394	10396.973173	10101.600889	8371.772821	7422.608306	6304.997803	4814.070369	3939.759510	3509.110543	3279.150086	3439.997575	3440.266961	3361.331209	3164.610292	2988.129483	2901.261383	2770.878698	2799.524506	2967.645124	3241.884960	3903.727571	3275.522410	2948.760725	2696.601794	2527.070934	2725.004086	2429.235650	3037.473667	2576.221295	2362.223760	2431.418966	2662.473745	2478.704189	2652.253300	1920.635852	1028.491280	1457.856834	1390.254706	1138.247582	1235.520068	1180.117634	987.609559	761.889561	807.118050	1027.104137	964.896361	938.387292	878.670519	1040.647459	899.734222	996.135260	749.512944	745.672658	738.658969	633.764648	539.497316	25.803966	364.961135	626.218479	707.690934	604.592425	549.097334	543.944948	432.094193	375.968068	439.615954	471.504606	520.564601	539.953356	548.030367	443.593771	429.327815	400.269586	394.665463	490.822670	355.091687	371.825186	434.165625	394.027713	374.987600	411.668397	430.883892	358.762696	314.603608	375.555074	309.063479	297.422188	248.541131	288.383348	287.926802	231.864837	233.860762	228.255615	294.738049	290.062487	270.904138	307.331603	283.173294	319.484419	315.898630	294.063986	259.666206	257.011391	246.221251	219.967631	218.602600	192.257198	187.725260	213.871963	211.850293	204.169743	203.930450	209.938658	219.748144	266.980214	215.468755	263.061677	295.790934	254.965079	208.535411	219.701012	301.611037	322.297357	370.001116	214.050847	239.123639	282.273270	387.279704	293.369416	234.192420	263.198033	270.842078	266.657685	314.684539	273.762894	282.695360	215.935292	277.727897	257.724588	244.132888	250.023012	255.650392	233.160728	204.582022	210.775966	209.212142	237.549564	226.945303	190.154577	160.451413	192.235306	180.178322	201.837753	250.769662	265.129686	254.951652	241.606708	294.596430	215.858048	218.357910	244.529368	310.661018	240.626984	232.523271	254.652768	295.289431	289.403998	259.442548	
5741.309069	7196.936827	4066.254075	3483.749148	4035.026495	8230.637564	12161.219884	16528.323143	19311.765927	49775.413887	273880.018677	60746.116402	14002.828688	13715.190153	18197.069784	6777.039837	7115.493875	5387.129134	3948.282208	3049.107672	2851.490138	3256.509915	3032.443331	2895.697664	2392.797933	2181.515936	2115.161992	2146.835932	2029.485896	2013.997592	2356.684807	4494.036904	4445.964791	3272.597365	3306.517779	3017.734188	3688.681440	3644.334658	3057.613965	2786.743073	2900.548118	2837.260056	2815.101490	4138.799284	2350.525188	1377.173500	702.041799	1691.172287	1410.728591	939.539693	1352.878023	1300.982868	1376.670991	1242.061407	1219.342338	857.357750	990.483234	1046.792394	1061.013113	1232.906007	765.903886	791.438234	1116.263045	1060.353838	773.755471	854.093089	906.379714	64.409597	625.615513	909.483133	876.022038	793.424006	824.335097	702.559731	697.637183	688.202923	715.375276	703.451496	712.753443	658.387911	654.373863	427.462574	353.888711	359.810930	532.307047	438.665466	601.253702	470.008188	471.532774	291.418500	361.640681	477.387369	613.280555	570.245566	541.528757	334.795590	367.870777	267.998544	337.067600	259.694365	387.446054	195.017185	153.742942	238.406721	298.950819	307.799578	385.755763	302.444865	393.935229	377.934026	470.236273	274.704220	345.990758	335.066261	261.635204	194.703517	332.109540	179.473138	167.194055	227.332591	270.026620	229.692671	277.856611	240.792819	347.048521	292.040955	200.713494	227.632253	427.293771	426.798975	393.912940	405.949322	427.137958	376.758594	345.455368	494.717555	460.391669	566.865706	420.171562	442.008669	416.340129	280.604929	216.416139	341.561762	260.976456	252.186084	368.588165	396.643380	416.066934	323.113514	211.959344	317.450231	303.667799	234.414802	373.075953	291.147406	344.276397	315.467638	290.205416	165.407353	205.999132	162.855099	137.334822	130.859663	188.293676	321.855845	286.374584	366.219258	281.768010	362.377138	352.822642	352.087324	267.176700	325.559945	369.116710	345.946706	282.060725	478.059208	485.940311	
2971.846959	3898.948128	5997.774192	6118.398540	7142.559204	7390.660493	7335.230285	13548.732679	15271.354976	19746.353394	60746.116402	241035.641476	55735.209358	37758.573913	14115.941995	13787.335578	9776.380737	5858.980855	5250.419127	5242.356094	4949.023426	4594.150546	4389.838889	4214.534243	4395.533825	3801.765415	3590.697274	3569.956771	3566.619787	4024.435506	4292.665684	4189.279255	2618.023378	2769.856738	2609.904178	2828.175655	2615.014814	2011.791012	3567.088895	3150.810560	2440.307998	2888.426549	3058.016802	2131.032460	3278.923864	2661.928253	1267.633676	1189.942364	1673.128529	1654.888973	1282.148554	1107.423928	892.502003	504.734657	702.444571	1218.670552	1031.604084	791.795095	799.308458	1005.527616	1267.973899	1099.223109	558.620268	628.994265	763.375368	522.181903	361.947392	58.758671	300.382957	454.050314	574.687789	442.796009	375.315159	348.052122	346.522755	251.192308	270.477992	362.437222	368.830880	399.649002	471.805012	555.305728	549.537377	574.425593	366.950762	485.424826	227.650858	308.349759	462.607724	480.877766	464.545791	382.726366	306.133827	256.351687	245.429733	366.507069	311.566599	329.760215	325.363201	358.067820	254.972379	373.031862	318.859666	268.176588	263.134696	229.741380	193.551478	334.229289	217.677739	207.444681	278.181650	372.278795	258.821131	196.634941	234.177429	322.382758	172.380715	253.599196	233.303675	217.873639	200.148035	192.079031	195.685846	212.220706	204.877651	228.510949	299.988433	312.822830	240.701441	171.419171	168.676035	135.528738	257.106632	323.486089	355.880407	123.660006	151.460019	166.581624	350.911094	242.840380	157.335265	212.306075	351.840278	236.692435	319.773967	321.590272	234.656005	145.313690	177.447395	259.500013	316.900889	189.777288	213.649568	263.009198	165.501962	160.299713	135.862422	156.816363	191.674994	240.401783	177.844093	224.177192	210.881920	261.141107	268.802902	254.359025	298.985803	201.118431	254.957496	147.633951	157.822807	187.113950	288.805714	200.115757	150.658783	247.601221	237.776150	247.369200	225.185681	
1955.544397	2310.053567	7013.801583	7802.759452	9289.837113	5580.233968	4682.031827	8673.571503	11504.836026	10396.973173	14002.828688	55735.209358	271812.950516	67130.599234	12649.473322	16227.016178	9473.443212	6701.801581	6312.674796	6267.751970	6085.025791	4937.085982	4550.183123	5079.741674	5641.373401	5243.886806	5233.048525	4925.319168	4813.039956	5426.329939	5125.636196	3110.901132	2015.573838	2370.288524	1975.409065	2512.948399	1894.481285	1527.869319	2607.410101	2531.875603	2166.127439	2372.429088	2471.069721	1860.160652	3489.983401	3883.442716	2635.725557	1594.799933	1548.813726	1766.333492	1024.220262	885.127119	597.210247	380.661415	500.728966	1023.136175	813.078325	623.204559	656.756118	782.634457	1280.201290	1265.520794	486.798259	497.687347	630.356636	467.646247	298.584045	0.000000	217.623904	383.693611	444.161248	355.700549	331.806367	312.882786	277.955523	188.475829	215.878345	324.083741	274.606877	374.242986	488.260966	516.232648	629.285939	542.823334	382.062025	469.907248	240.418056	270.549605	462.993883	580.034686	430.965324	380.497203	307.847792	222.430760	259.089975	513.659250	309.435570	365.184999	321.992124	374.546344	257.517903	376.009985	403.827539	346.605677	268.456932	200.216348	223.004928	339.026044	235.457760	230.983474	210.065869	354.843592	243.919157	210.181618	269.524819	297.093513	186.997763	269.077707	318.612366	223.136251	213.385118	199.387880	194.182084	244.876363	193.903622	243.726867	302.383410	347.187745	183.529274	124.815240	102.799033	91.706284	141.237313	259.835964	256.615603	112.591954	119.419167	127.205712	418.938047	155.830569	121.030249	193.266484	357.730147	203.851781	269.095909	282.079544	185.779794	103.917231	147.287346	222.587497	258.860836	143.688662	191.399451	233.828571	126.882768	126.381608	76.699262	115.443152	180.129199	288.730486	216.458138	203.905065	238.593939	338.433357	321.137630	189.548818	193.844140	144.503730	194.851224	106.138396	118.670634	149.200604	216.698103	124.570027	98.753916	184.273883	337.216379	205.757572	200.279528	
2368.851938	3141.237207	5957.666398	5984.505317	7059.542712	6071.737131	5446.772962	9524.847971	10012.467694	10101.600889	13715.190153	37758.573913	67130.599234	236072.630667	47289.458154	27811.735627	14199.721965	7635.556113	6793.285234	6658.046798	6181.160912	5479.535258	5232.271497	4837.619206	4867.127846	4119.774306	4250.095419	4181.993931	4040.763472	4511.834352	4939.158563	4020.595585	2360.520096	2769.254049	2498.519215	2947.168064	2510.145918	1934.765853	3580.663558	3199.741946	2533.901774	3086.324896	3247.526797	2139.839050	3624.299484	2946.474140	1534.836967	1312.222892	1676.498144	1803.995107	1248.289087	1100.165443	862.613152	496.853314	718.950948	1218.167214	945.768736	706.838131	700.014433	945.389994	1356.922761	1202.246736	563.375850	660.581070	810.036274	524.913692	364.502395	60.554165	257.968154	532.757719	557.649860	465.293681	375.030601	335.049145	305.808141	208.451771	278.743011	332.345575	346.562929	443.386283	483.965749	560.324211	608.569695	546.673899	383.824842	527.101106	189.827406	282.114442	486.887150	551.474928	443.741618	344.713470	273.688662	241.927700	262.694963	502.240109	328.642159	364.219630	303.187982	369.009329	262.763592	344.508987	345.541392	272.097501	225.064542	211.112433	182.399251	354.390156	225.387494	235.659116	260.620065	379.917655	278.656900	229.534616	264.538325	299.285025	137.748579	275.103631	265.251621	228.133328	210.495032	204.696648	195.396044	240.576108	182.921501	232.207621	280.300720	333.356483	191.631690	156.239570	155.880417	107.770140	221.872184	336.496234	355.708236	132.089743	117.784344	151.730191	382.720441	238.166483	127.154225	235.543274	337.392083	255.246483	345.180690	341.614584	248.312175	138.421314	162.069329	226.286566	355.644939	176.736407	217.148103	264.713143	160.632492	129.453408	113.647713	143.449988	154.969875	250.645396	193.252830	241.963602	226.196301	270.658652	272.710776	230.512522	207.408943	152.450398	202.445376	148.565327	128.542342	180.721409	289.827722	174.314054	122.056051	199.638581	281.513248	201.154190	176.097672	
5015.138701	6110.845654	2962.541085	2452.125316	2787.942959	6099.427980	7778.536454	6970.301678	5509.520135	8371.772821	18197.069784	14115.941995	12649.473322	47289.458154	291471.167858	41001.666647	17305.685732	9479.275238	6530.339029	4489.230311	3712.349795	4371.367673	3930.998189	3746.011633	2628.155787	2404.332691	2148.372412	2280.063063	2322.165421	2105.730773	2338.712326	4963.008419	4996.215642	3707.682520	3768.193051	3543.817557	4350.851226	4204.043722	3378.791765	3365.465530	3687.131728	3367.166067	3185.065363	4706.806424	2672.833029	1409.460053	716.556262	1948.058453	1608.239831	1159.202543	1713.788408	1544.516972	1700.933087	1585.645349	1413.005376	1050.106589	1112.712722	1060.486335	1212.483267	1402.880264	858.781489	931.718389	1356.503986	1221.472880	1038.833037	1088.586687	1128.098572	173.259571	754.714390	1005.475542	1062.012325	945.033109	853.701389	839.557109	844.766692	788.534720	866.376288	838.158182	889.093447	744.884516	821.482542	538.521718	444.267407	428.848111	569.353418	469.554149	614.862819	532.628761	586.100650	345.840708	404.141520	520.206604	673.454835	651.371027	618.908451	353.383084	474.664343	349.915924	396.987609	297.821390	449.754158	270.755835	202.339004	294.497935	340.043392	364.824341	426.512707	335.329195	445.819163	460.186003	515.772178	314.526736	383.139434	416.309327	304.588178	212.116998	358.794910	213.510524	204.161094	256.802678	382.853407	259.857402	333.351371	288.182417	386.271900	329.849576	249.643917	235.508779	394.473479	457.832753	398.030302	435.397932	472.186117	386.011880	373.759652	498.374480	447.974642	535.847150	402.725859	459.845512	408.989875	357.190413	221.311176	390.927150	270.999429	310.008607	424.166552	424.428029	398.623985	370.817185	234.598419	360.011093	327.272118	250.052687	353.742451	299.219444	332.326377	320.821602	306.011841	191.724928	228.311273	200.458216	176.605313	133.103000	184.805303	318.831150	304.568682	349.814570	304.256829	346.977959	335.263975	373.821230	280.674181	309.964523	374.267561	305.466280	262.513101	442.346443	469.680150	
2525.986250	3472.280379	7213.932735	7171.499316	7839.206964	6161.890519	5155.247782	8023.890897	7760.718673	7422.608306	6777.039837	13787.335578	16227.016178	27811.735627	41001.666647	251578.592644	59261.271209	16298.707054	11622.842716	9544.188704	8169.408968	6678.553446	6023.998278	5620.482309	5570.091097	4643.475323	4494.860230	4088.311571	4204.783357	4850.264627	5166.973569	4362.243424	2763.416743	3062.129915	2684.935461	3242.831322	2562.769152	2213.490023	3915.347006	3286.451530	2501.535352	3146.507456	3297.012335	2226.642553	3928.325007	3455.068874	2181.865828	1654.064434	1872.295182	1849.242552	1458.868819	1217.028586	938.704731	514.636871	793.027940	1373.616231	1078.912249	820.577663	819.866952	998.798923	1531.372160	1357.114066	524.876870	703.856581	842.361593	550.258076	493.219387	0.000000	314.158171	562.599990	618.598522	490.402900	410.960249	390.088846	387.935990	207.611115	320.129579	370.906383	396.059074	468.546431	493.441442	575.381414	584.264576	585.442367	391.821964	518.830168	219.320028	301.203831	474.672072	550.463305	495.997610	338.865275	284.822463	255.340646	244.792121	402.758155	270.906637	290.753074	288.133178	346.225119	235.977463	298.606136	342.077102	333.967482	238.433903	249.287442	200.262524	358.390217	257.728514	243.194617	253.714253	367.860911	270.690368	246.587938	267.288717	280.043546	164.860363	251.269542	250.299555	236.394779	162.093925	220.291464	200.418119	248.820884	178.725491	222.316461	260.757416	339.698380	196.637901	161.262139	139.019792	141.743929	231.679632	353.122320	373.321756	140.659166	137.997690	159.262507	449.392004	244.535243	149.827540	243.290241	345.243202	253.813885	334.438430	314.346696	250.118533	129.797091	172.391685	280.795011	307.559142	220.331291	220.372326	249.362972	163.017570	163.729214	139.324871	152.951075	178.314160	241.134024	191.061036	205.323901	235.556307	296.526741	324.828838	247.391629	255.014984	171.228402	269.928029	160.762096	169.497485	175.841685	304.312556	185.622810	120.225157	244.196779	337.742531	234.458896	220.273395	
3683.330964	4767.369019	6371.967868	5875.365662	6080.176293	6227.429692	5544.623267	6770.960682	5895.148091	6304.997803	7115.493875	9776.380737	9473.443212	14199.721965	17305.685732	59261.271209	226903.311935	63092.398767	25417.248333	12576.906134	9566.993497	8511.530465	6484.634713	5669.869554	4921.387449	4195.139837	4105.660488	3855.919283	3796.349379	3869.969504	4134.065619	5027.298288	3609.253269	3540.554037	3334.348906	3477.738445	3452.729901	2973.347867	4290.648200	3397.905009	2757.046256	3136.770812	3512.102570	3041.560412	3914.296506	3122.855867	1860.697723	2074.523752	2008.414858	1722.421924	1543.571545	1516.727307	1228.935872	806.196121	1002.520512	1352.332131	1252.971533	1128.077586	1062.290869	1276.721154	1395.422105	1287.076410	833.481067	957.667773	989.219727	771.776053	631.801387	27.476464	444.801783	736.728136	816.357010	599.474377	600.201478	512.979990	482.923071	411.774838	445.604624	504.799009	559.839116	595.253971	641.906388	566.332673	560.795652	556.407050	498.335633	586.857788	342.770036	391.166526	543.107637	507.319381	437.860669	462.867184	425.394472	401.336455	337.653506	458.266928	313.097898	304.253058	289.133546	320.975594	312.266511	331.427400	322.801860	283.127545	291.922561	299.910497	291.366930	356.591260	318.812336	304.999706	347.761430	360.601179	322.743381	296.330279	267.444882	236.716711	206.045839	240.918670	267.462167	242.989115	240.940228	201.072368	194.390414	241.304272	261.363803	279.314673	294.274663	318.705399	271.486330	215.903650	196.331471	199.514947	297.863536	372.495242	388.970439	206.820535	192.922221	275.390417	446.826309	343.622751	208.326074	279.307335	377.329810	290.479372	332.898055	312.328917	295.132582	194.670235	276.066155	287.497206	300.143009	247.502849	242.890358	275.859079	185.902862	197.259546	179.042957	219.165347	206.000890	232.720005	184.428736	178.643035	207.956542	216.315563	285.259184	275.834872	276.001094	258.043822	287.305649	225.788071	186.484852	235.017116	323.715411	229.487006	166.148871	308.352499	379.590007	321.717388	281.213770	
3190.409266	3957.034559	5433.851270	5292.797542	5158.367686	4686.388939	4486.262814	4601.067441	4522.547935	4814.070369	5387.129134	5858.980855	6701.801581	7635.556113	9479.275238	16298.707054	63092.398767	259423.105150	71977.208016	16705.333917	11546.281022	9599.572292	6538.639749	5927.722272	4616.858856	4121.474735	3815.815618	3426.511074	3278.848596	3375.476451	3516.145409	3826.464462	3466.435159	3328.640567	2850.968406	3240.996953	3152.713714	3032.805999	3246.313072	2753.085734	2691.590940	2604.784511	2864.095410	3186.693193	3594.428271	3323.214910	2170.985767	2427.845506	1817.643607	1418.174143	1469.751429	1356.297374	1186.689575	934.607694	1009.134967	1121.046951	973.787370	999.860316	1041.110474	1171.868620	1244.159831	1241.518863	952.795963	939.298826	924.852033	828.367473	683.926985	0.000000	488.339882	690.775688	717.543098	648.661204	647.454504	586.759408	551.133841	439.905735	514.661545	541.051338	599.566438	668.180653	771.742346	484.086102	488.888258	450.744385	445.677002	540.165376	459.239782	388.659293	469.604435	360.167198	439.443676	426.440148	484.456374	435.197329	410.811931	404.353901	335.473869	280.852028	311.393568	259.417165	323.758094	293.227108	274.839543	263.971601	279.306618	290.497006	318.373929	353.711697	341.271778	352.560337	335.480940	355.573011	352.950931	295.313267	269.610021	277.762848	244.538104	220.435025	198.868592	196.027514	252.150610	250.084405	234.431773	247.878558	276.770335	285.238569	251.848534	261.066127	309.233912	248.071495	190.194505	209.840350	239.674755	282.775168	326.403163	218.948970	234.986457	332.603660	557.574943	301.911726	267.536572	276.812953	294.463475	270.086994	237.314959	282.155276	240.357277	201.883347	290.802628	257.555241	241.172092	216.556454	220.530350	233.421757	230.487761	199.328869	193.054905	217.337978	253.595309	204.610084	188.566875	190.320630	167.327300	217.181412	228.580993	217.600545	221.723339	261.639128	249.147358	235.754188	224.214210	198.738392	216.602067	194.265391	169.893398	279.411499	445.205770	336.125845	307.638521	
2131.257590	2190.089871	3295.441110	3284.546508	3871.363642	3652.869466	3282.550175	4071.101873	4155.515934	3939.759510	3948.282208	5250.419127	6312.674796	6793.285234	6530.339029	11622.842716	25417.248333	71977.208016	237885.638609	66493.249003	26107.178209	21494.452931	10932.840254	7979.639204	5489.282484	4393.938855	4106.690305	3750.804304	3767.023682	3762.310050	4010.972157	3579.210915	2836.399529	2851.229956	2827.925204	2926.618472	2968.142873	2387.638606	2916.971044	3156.038165	2794.158845	3036.729822	3188.991216	2936.878374	3708.062536	2966.256095	1686.020236	1869.043366	1908.281780	1843.848449	1448.498698	1258.482768	971.840853	676.376004	890.116753	1245.696084	1092.389717	1034.186163	1027.273842	1119.045422	1433.024134	1369.684175	891.689012	815.931791	862.602900	710.073370	565.396217	100.160525	409.628254	620.632951	632.880128	532.860256	510.162816	440.861152	431.505541	352.811218	394.880952	459.484980	525.607901	648.164019	728.981096	667.656523	709.028771	596.161754	565.578510	676.767480	330.625491	418.642125	575.422545	678.092019	581.668542	527.876846	412.641852	380.956265	361.826240	522.134924	367.950975	410.030904	388.160964	429.942937	357.590814	415.763280	366.089522	380.161268	318.397964	335.051888	323.460274	460.720337	334.883248	317.976637	344.866024	363.996181	379.015749	292.294530	319.856424	340.621713	241.987215	301.842729	290.785116	268.777239	232.114978	240.603749	217.769614	294.479800	254.282556	285.045328	377.272117	325.238844	300.535726	202.632932	136.470954	154.015619	195.121945	256.179200	260.683257	186.686733	165.784310	231.371914	398.777337	276.991064	187.265994	253.964016	316.470347	286.002575	281.165334	299.393611	233.969915	163.350046	214.076286	248.394240	286.881587	174.114035	203.812110	273.745258	185.092003	180.034903	153.392256	172.200017	214.210255	246.034305	203.477876	221.592688	221.714600	250.976049	240.576722	183.330619	185.828432	171.886300	224.425981	160.863790	133.066666	161.275666	197.903633	148.901152	127.664877	158.911505	204.856999	224.010924	279.987192	
