412282.692324	98260.170492	29677.362208	12874.497443	8197.827267	5926.238821	4913.031607	4145.040110	2796.503815	2372.378025	2751.917880	3040.044861	2974.809155	3483.920024	2961.223558	2710.311767	2568.947220	2252.617178	1857.312865	1452.563272	1761.249475	1425.655450	1343.104923	1249.077775	2145.473838	2852.215452	2385.018031	2042.819550	2394.209758	2837.050643	2272.793392	1495.529173	1362.993556	1561.842420	1732.617730	1606.334880	1760.851970	1895.725511	1864.693757	2002.533154	2163.655920	2436.321301	1819.935027	1927.286742	1922.648802	1454.761124	1255.921981	1093.601729	557.662010	590.326177	571.157866	765.656163	1385.999094	1065.355806	589.212646	536.827229	1050.740109	732.629970	659.581690	125.890408	273.386058	336.859408	674.392107	262.207651	249.284681	221.272290	292.228513	273.299004	541.501270	556.608611	327.435372	595.519789	597.067195	329.949722	494.318477	223.945173	245.411546	333.729928	388.312147	178.022035	257.120947	418.419442	383.176174	310.694838	408.930294	319.391405	676.598964	668.838147	755.136122	363.789302	287.948544	176.848472	163.933062	152.499687	218.952008	315.688077	190.116532	358.726925	278.787711	236.426064	197.310140	147.317526	152.398849	435.471293	790.457107	930.910620	1027.451221	955.501050	822.413927	761.670340	427.133584	377.731409	269.981861	201.720790	463.677665	293.152376	283.241121	358.203548	125.733292	183.342591	195.194268	191.452143	168.177411	246.309123	322.927140	224.850444	235.932940	306.303417	437.274564	411.646917	428.783479	354.214040	487.669690	639.030553	573.701376	915.906979	791.393275	472.626304	226.342985	204.789642	211.164928	427.891989	500.740566	290.146772	235.766071	256.561549	303.696882	824.212080	849.036377	628.573785	351.182660	281.692927	372.389987	559.247282	483.210168	711.186540	929.915911	939.605560	681.086250	454.941292	275.842659	269.795533	290.055780	189.315472	564.139271	1097.466887	749.276513	546.700569	1310.033466	0.000000	
98260.170492	291135.620312	115094.615489	21625.206782	12191.904029	8622.890629	5782.340234	5058.973322	4499.358586	3603.540780	3762.121507	2653.059054	3511.038702	3662.267425	3401.898080	2543.632225	2609.297283	3282.149035	2631.115707	2305.337984	1881.888464	1551.103913	1370.107317	1923.960610	2245.398536	3129.896811	1217.073744	1568.764890	2188.008483	3359.213694	1434.816687	782.663907	779.894135	1161.949841	1351.052157	1520.205360	1341.414156	1540.338647	2546.929680	3076.554645	3520.575630	2356.197004	1436.842863	1393.779646	1998.280141	2050.113025	2144.567234	1522.148689	1026.885182	1045.868275	1086.043989	1195.867784	1386.713458	1262.938227	952.497232	851.725310	984.593514	793.741165	892.070006	275.766283	418.851386	468.713753	673.529102	477.268913	389.312022	361.636439	428.798111	419.354556	579.210475	612.342456	545.970897	648.772289	567.923380	446.319733	492.229987	334.805734	324.964400	389.545853	428.923647	287.405063	337.938159	437.058630	426.558776	425.694279	431.471655	468.367005	555.934677	629.040820	791.424803	500.383434	325.622562	290.390942	271.751146	280.605878	265.635799	375.788222	336.733869	418.510097	378.389484	317.371716	222.281025	221.282026	250.071811	555.298234	747.648528	1156.135856	1211.863897	1116.572362	1126.618861	721.894012	536.578052	403.461881	331.185366	244.544383	402.208364	311.905348	357.112359	400.231576	225.076139	239.308227	239.874076	226.692436	247.516792	284.801809	376.984643	300.215388	263.862538	309.981235	506.584519	567.817972	513.776097	545.643639	595.229139	693.314784	787.566121	784.001866	757.064505	426.211292	212.978622	246.590827	282.734761	401.918001	459.366820	399.371725	328.513758	386.378362	472.766184	648.056838	1070.803415	779.800787	504.644366	398.882526	446.878262	587.561263	691.543345	705.022824	957.486462	915.451973	747.409255	515.814640	391.677437	324.690835	318.842674	258.174492	594.332783	1011.826885	1005.001617	768.205749	1170.703396	685.731493	
29677.362208	115094.615489	305051.075503	59498.469832	17991.005823	10547.908314	7161.000285	5961.662829	4605.767364	3605.321654	4143.645230	3281.156889	3804.764596	4145.989955	3610.744509	2959.790725	2951.943912	3232.081938	2704.972269	2219.990641	2155.712577	1708.166010	1586.609232	1828.493438	2576.245850	3620.251371	2131.681924	2231.248707	2613.054128	3056.518207	1729.969694	998.546450	978.425235	1293.963202	1461.150297	1595.770969	1576.391646	1798.600656	2443.920492	2806.236035	3048.026674	2602.078479	1579.619347	1616.778018	2110.832194	2016.450716	1979.353929	1429.513648	873.850408	964.246878	911.616274	1068.532697	1596.612332	1327.401654	829.104438	798.564580	1149.328156	848.488038	965.405584	247.373511	392.341825	475.409738	727.704677	387.138398	358.577254	306.996888	383.428143	310.626643	630.842668	647.236629	457.747655	632.769945	680.666823	460.626957	499.403663	306.812804	304.630614	398.563679	437.434372	280.339025	319.153873	460.822652	426.070400	431.627916	473.992988	422.274895	673.664809	742.049484	922.673931	506.884335	368.613456	271.194259	259.249344	227.889964	274.945451	370.017952	265.654944	433.714509	315.083326	298.019698	252.644828	229.744131	203.271420	576.938125	943.297735	1217.500512	1296.614694	1286.296397	1091.722045	868.563605	511.342134	401.184468	340.071739	244.946862	469.864065	358.040997	378.597221	427.354520	194.818107	198.767741	217.642652	231.595659	226.048669	301.545460	380.857149	287.799311	268.171921	305.013503	492.934844	542.814416	476.512031	508.923247	605.700675	662.435020	729.402756	880.394261	790.298825	451.925260	270.703477	222.738072	263.156159	491.029468	555.444194	393.451278	269.178442	323.090440	446.602820	792.228331	1051.914566	765.020603	460.519008	322.889030	492.247373	579.504908	634.877966	793.375977	1044.906413	936.171220	755.617090	501.730047	324.786816	329.300725	315.030768	223.761317	589.055086	945.103437	734.961433	581.960494	949.120162	0.000000	
12874.497443	21625.206782	59498.469832	331501.709422	74436.026135	23178.454694	11149.487425	8637.038875	6362.129737	4482.523515	5072.917607	3628.670335	4263.220241	4873.749263	4175.375671	3261.040512	3334.912076	3753.141803	3084.549051	2465.784857	2217.816681	1736.068435	1476.160734	1935.345782	2648.028232	3933.309984	1667.678767	1946.033254	2512.474988	3232.957753	1702.010161	1029.012790	936.804430	1328.120060	1539.397737	1673.068532	1625.839930	1879.140240	2616.561264	2987.915678	3444.651222	2821.421264	1769.049539	1749.585249	2199.377036	2042.227961	2119.310619	1467.137596	968.826883	1036.673021	1031.363984	1130.841176	1660.321448	1400.615270	868.766592	885.751016	1142.385370	902.862126	878.323437	177.406992	385.260474	500.152605	667.277764	410.337242	411.636708	354.281539	450.433435	382.557926	562.385275	658.881477	540.283658	677.248146	623.424846	423.564816	516.705858	271.010768	325.243432	388.868413	464.551756	240.599888	333.150940	443.540158	470.046989	397.603027	448.948930	469.783551	620.315410	739.175621	966.108531	472.346732	338.151823	250.787876	255.992226	242.126593	301.248064	356.483942	303.127346	423.288622	323.542124	310.198155	214.497985	189.384291	254.201483	520.186522	784.174504	1221.833960	1267.932995	1309.113446	1129.290887	837.362446	554.311329	339.632571	323.101072	237.150031	491.049182	328.939350	339.123796	372.078710	184.044379	211.684907	241.855071	201.254538	213.298727	266.270931	355.535659	252.484667	253.621091	322.063712	491.940725	501.413277	484.003667	493.689988	595.245187	626.381938	773.441103	831.633487	849.139391	440.457096	259.258520	198.651263	260.798132	438.496486	491.588770	357.732803	300.479790	321.522208	447.388325	707.519978	1046.700484	749.539753	429.414696	377.472762	437.220401	562.541183	640.091426	760.806813	991.355409	946.391939	743.480012	419.792271	302.995197	318.818852	295.193076	199.789150	485.845205	865.756030	616.815341	423.908584	756.974047	0.000000	
8197.827267	12191.904029	17991.005823	74436.026135	324248.386549	68424.929911	17956.976489	11069.841420	8384.088714	5975.741725	5659.297510	3838.659477	4765.529312	4855.145881	4040.195512	3039.618067	3103.121696	4261.974147	3409.364735	3163.978078	2454.267876	1964.337249	1859.742064	2374.916482	2719.803099	3483.232426	1609.339698	1900.126211	2456.693930	2988.837604	1382.514495	837.653614	778.011474	1101.471789	1159.111141	1396.906461	1343.104879	1537.683618	2208.578086	2817.108518	3111.233443	2267.597310	1354.938780	1436.599532	1989.897419	2030.776052	2087.222852	1628.664403	1160.219901	1186.288243	1113.422899	1194.674114	1799.829099	1375.501507	1071.059641	972.090808	1184.933011	1117.691184	1230.307267	324.191714	534.736305	664.997638	804.844402	538.519822	517.118405	460.704062	523.582495	484.912664	665.816212	708.254849	518.584200	642.297958	646.467802	527.540544	603.007018	404.539043	404.752101	494.107270	494.669742	354.181960	392.737103	551.712364	561.411136	449.203456	530.266296	487.851562	695.512653	799.521557	928.158061	522.814219	400.399620	308.815449	343.633217	274.130934	360.325714	440.771065	355.464256	481.345589	355.736209	377.901947	238.661646	262.325899	287.101492	583.588208	804.080752	1241.436882	1240.344296	1262.326457	1275.421727	787.023448	519.949983	430.382379	347.312694	286.315100	456.903513	416.693487	419.560398	434.357079	227.326815	281.561355	265.557451	250.431942	249.583332	341.424318	398.138791	293.030507	288.789831	341.061136	576.197213	560.286911	544.629875	520.299494	659.683588	646.773287	827.784237	771.735049	812.615476	511.872870	281.726304	292.329032	311.609887	455.021185	543.698469	415.226006	322.996283	365.394719	471.427957	692.782437	968.399883	716.713379	468.467732	382.899087	455.267842	634.969880	675.369191	675.486191	899.720311	923.306364	802.608139	512.030000	351.442808	372.253515	341.279678	266.509865	514.470178	778.709441	670.026323	567.875422	729.238206	0.000000	
5926.238821	8622.890629	10547.908314	23178.454694	68424.929911	317667.648014	72154.728283	21223.353855	9540.403944	5233.800913	6843.638883	5365.115438	5404.071393	5471.093059	4431.107256	3997.344457	4009.755631	3724.497374	2996.192518	2204.041051	2819.405157	2206.188677	1763.583442	1752.903719	2915.541707	3883.545382	1622.982669	1578.806656	1937.413857	2200.994778	1367.854766	775.988869	724.701081	980.884103	1216.891400	1447.849911	1589.413347	1751.424504	2514.123649	2382.207959	2374.984469	2184.034594	1568.304486	1638.754665	2145.658256	2147.161074	2148.089509	1790.930812	979.581624	1183.328775	1031.279306	1300.016738	2044.696046	1679.088900	946.823386	862.467502	1498.537575	1057.140436	888.273611	191.019305	396.958122	508.530143	930.542896	441.222641	398.073896	362.372563	444.376119	405.850622	834.610700	862.482917	460.092742	854.321768	721.338958	477.392842	642.425713	313.930997	330.914786	486.050335	551.310204	338.763084	366.496501	578.307336	532.021236	377.277630	521.848455	459.845191	829.442414	884.491630	1029.048942	608.180131	438.954479	331.919880	314.137571	280.478531	384.946046	544.900290	342.795311	554.926203	439.757140	450.152203	279.946986	251.317595	257.997030	675.586196	1000.821270	1458.078445	1356.376240	1138.424562	1063.393749	988.030558	645.064175	511.735028	403.067022	293.882763	649.853595	450.590380	461.687270	535.384753	245.049962	295.112534	287.540852	299.777983	303.392667	369.547336	529.692200	339.698966	360.117936	378.861748	651.130375	639.228152	530.545239	465.277837	717.715005	781.613461	738.151840	914.132761	881.612782	628.863552	284.226720	262.037899	318.119273	563.793941	649.466236	468.924065	346.475088	370.649563	462.108878	809.017504	1119.221483	884.182195	478.461140	354.915926	451.421382	640.600233	607.886974	887.209540	1078.912786	921.292847	689.653447	507.349896	313.911564	342.564185	354.419860	215.590065	603.119811	811.076733	546.481422	326.322725	618.092048	0.000000	
4913.031607	5782.340234	7161.000285	11149.487425	17956.976489	72154.728283	302564.864987	99548.910408	14071.957027	5864.803771	8694.889995	7351.347853	6457.119033	5933.752463	4648.053342	4392.168854	4312.014119	3389.965150	2855.388151	1918.568429	3027.873245	2413.020793	1977.483905	1531.721228	2983.539314	3679.235883	1755.431730	1602.406689	1744.934238	1821.940411	1203.379425	791.237105	705.584733	924.798721	1057.775947	1196.120813	1396.811214	1586.170428	1871.826014	1951.324074	1886.332102	1952.685955	1490.767036	1656.545146	2097.410278	2127.138520	1982.797855	1837.190970	854.498990	1089.358520	991.771067	1298.876385	2196.968362	1826.350890	971.957599	795.488424	1574.767765	1073.079227	829.407794	154.534954	358.487191	600.963372	982.169194	470.652230	477.609075	399.402828	486.304245	438.751332	839.460278	793.758908	503.922981	850.421942	715.704952	536.091514	723.373669	311.554089	322.688769	500.862947	580.620942	308.578134	390.634780	576.035639	534.619542	390.715080	466.934495	465.576371	863.225470	914.726288	1018.207583	576.759223	457.191040	290.589957	282.814882	264.851623	383.807651	548.984322	335.615198	516.808244	465.242753	426.992410	271.949717	227.584614	259.637437	670.280780	1064.561076	1260.759176	1140.449892	975.668666	951.469631	970.752882	645.681517	572.805825	425.737389	299.630837	680.583624	375.187137	445.005959	593.479216	223.491771	328.017831	257.189200	303.824815	298.913353	330.425579	550.894544	326.151650	358.988102	409.759569	718.687977	633.723661	532.487689	495.590274	635.124369	762.703299	655.824970	902.491938	914.760543	651.451157	368.633835	273.492139	291.249956	574.976555	671.056616	448.120938	322.822944	328.060863	453.507730	956.912270	953.300450	803.433541	459.828489	342.700695	456.293837	669.279735	503.524957	839.729148	990.356293	860.028422	680.377910	534.824826	290.234295	351.134435	349.580084	180.554782	578.446611	821.517731	458.533161	255.655008	563.859580	0.000000	
4145.040110	5058.973322	5961.662829	8637.038875	11069.841420	21223.353855	99548.910408	280336.371828	60541.982880	12327.094177	17824.632022	8779.040596	7386.731424	6761.148992	4897.470248	4210.038363	4782.652934	5162.037955	4584.810025	3050.849773	3603.855862	2707.717272	2161.553091	2143.476683	3727.871121	3882.345860	1655.799816	1586.560820	1809.771029	2065.359202	1249.543204	791.022112	723.014518	878.905582	986.100189	1115.536755	1219.244359	1431.059917	1648.069557	1749.368643	1782.396640	1980.493291	1385.169318	1614.636689	2226.563410	2200.651020	2347.127593	2259.586945	1284.409640	1538.783856	1417.062068	1694.676465	2745.398907	2193.536159	1277.902540	1196.380888	1801.052172	1260.854818	1000.372936	230.892136	512.161331	711.733916	1106.136066	589.252338	560.600519	483.541442	650.798275	608.641910	1034.377794	940.199964	663.283222	930.415144	928.477529	609.568880	821.473224	434.691033	439.425980	657.504612	728.187503	401.061653	519.124436	698.945207	671.623875	499.676766	660.565343	558.667228	792.593841	908.911851	1240.212728	756.135843	489.500156	414.309068	430.983439	389.501859	512.198085	683.112313	432.815284	747.732384	510.648488	519.302750	374.881009	287.958688	354.611351	761.300628	982.149890	1199.433996	1083.849433	929.820205	882.610043	923.082304	642.363489	520.865639	501.091375	353.640044	743.050998	551.587144	533.143809	679.390447	336.125268	385.479198	439.307318	381.716621	361.999837	471.230601	635.414783	457.728471	431.026869	490.149050	698.714719	667.780193	582.824593	556.048139	651.191494	787.124008	794.273616	828.631353	836.995479	654.517095	335.375513	302.117847	342.325326	656.428997	714.991696	485.923028	429.365263	426.671597	581.885358	835.717079	1010.517783	885.793492	550.508087	404.910466	565.034193	660.935256	543.562057	775.074389	925.686226	852.364236	754.282999	563.283945	339.284559	436.311177	429.885521	243.661967	651.395731	938.193515	566.885616	345.011091	739.006955	0.000000	
2796.503815	4499.358586	4605.767364	6362.129737	8384.088714	9540.403944	14071.957027	60541.982880	271527.778328	68934.400698	43548.364358	7793.239687	7001.057770	5461.387325	3992.846820	2824.448548	3952.393701	7887.500241	8367.234643	8809.842740	4271.322020	3176.139911	2984.149900	5440.572855	4037.401214	2690.059727	805.058604	1147.556964	1634.246245	2079.310206	685.237157	357.329842	348.324444	464.296158	542.584186	640.292948	540.432624	654.047411	1254.935679	1753.475587	1884.048448	1120.181587	585.137534	602.844824	1349.674523	1981.143034	3095.497745	3112.526645	3408.661674	3557.999500	3249.556014	2865.160949	2219.090816	2511.953887	2961.826462	3087.668030	1636.348663	1783.825359	2641.926114	629.911715	1317.749336	1482.773471	1268.835269	1404.382321	1205.444579	1183.836071	1160.100187	1381.887609	1175.627735	1243.437730	1268.460417	1010.955859	952.578352	1000.431744	869.375581	1113.922185	942.225655	950.102986	985.394572	853.905561	835.603561	931.583443	886.920585	932.437796	841.441680	829.329114	465.606272	438.501509	688.085388	823.720338	799.321689	823.953079	925.467277	812.075795	984.412389	820.783778	893.953157	892.336037	892.772174	785.766286	788.737206	736.852030	843.973487	768.742458	511.481581	678.513757	601.477586	645.049945	630.022960	528.648413	723.033470	638.165780	631.425382	790.377730	636.046365	743.542605	717.569870	662.003519	659.751619	716.421023	734.439617	737.181830	717.188469	758.805484	667.805045	692.252856	717.052360	671.254256	610.201304	736.388663	727.903888	772.147605	719.868303	496.653096	634.996815	420.087646	507.627119	508.436467	455.248167	521.206210	711.016588	532.530650	501.717726	666.913050	724.450740	775.248334	739.430983	492.876651	617.611765	670.947133	779.752480	811.373851	667.256352	554.073487	641.233907	433.540824	446.311340	477.481930	615.348234	663.690908	734.026362	654.133123	612.584587	658.879397	777.891560	621.474422	778.409350	763.235183	805.399113	0.000000	
2372.378025	3603.540780	3605.321654	4482.523515	5975.741725	5233.800913	5864.803771	12327.094177	68934.400698	310571.697965	77167.425967	8036.361906	7443.151043	4971.105648	3536.621227	2434.314998	3332.876169	7683.261284	9051.312361	11359.566205	3904.097109	3209.122358	3648.550381	7210.299511	3642.827675	2206.058691	747.916647	1235.207261	1597.807966	2067.573913	556.214356	340.868758	352.427840	360.034648	427.982442	470.699379	395.805973	484.241760	1007.759464	1478.698200	1700.683100	819.975337	373.458387	404.682489	1005.855933	1698.165573	2712.871682	2761.217309	3869.056846	3677.986405	3496.487649	2806.626346	1585.768325	2010.771128	3295.120783	3195.962339	1404.030610	1867.075818	3219.421797	850.082098	1660.566057	1551.733201	1108.582541	1481.553465	1402.457369	1394.928754	1335.553964	1379.083201	1062.459934	1075.673892	1263.014780	782.321952	779.779385	1030.470406	834.323865	1168.520073	1076.558530	826.704627	879.950298	1060.123091	882.726546	805.992120	871.470412	1073.661408	809.603124	803.319466	345.849796	358.140796	521.168445	795.295209	868.705189	993.297325	922.926033	896.621720	823.943686	736.915982	941.989013	754.484259	716.770700	733.537330	750.413298	834.204095	870.892409	591.521533	371.693638	449.121604	417.253960	478.148498	514.662830	372.607498	596.293077	680.263154	668.033231	724.321242	557.866178	690.061025	603.909625	528.384263	728.680925	658.213461	688.797681	721.040919	692.022994	661.420175	606.083709	622.224468	657.929681	642.494009	463.854647	575.449047	639.616801	742.104886	566.114730	380.327748	502.936130	324.992090	412.017453	376.957918	506.498621	569.183484	639.398845	401.359046	388.878030	572.549264	669.285364	683.416344	643.215651	320.851454	440.721959	536.664564	701.796045	787.414923	623.676578	443.390068	640.715693	287.863462	282.003356	377.714320	512.097455	575.964277	843.632210	649.173481	666.901357	859.815188	677.431168	437.407042	710.843344	818.127535	628.881085	480.420050	
2751.917880	3762.121507	4143.645230	5072.917607	5659.297510	6843.638883	8694.889995	17824.632022	43548.364358	77167.425967	265776.012387	47712.908575	19270.706480	10913.778988	5924.388382	4818.223587	6366.663041	8255.867210	8087.302152	6271.870764	5351.175685	3700.721967	3241.813256	3692.151292	4511.312241	3345.794810	1363.847381	1596.437253	1963.600450	2048.844138	992.762695	541.841632	482.389180	592.666110	707.332823	773.607114	795.532470	1029.110335	1357.901614	1602.800452	1632.060786	1296.919573	916.032948	946.828956	1689.374260	2094.821770	2623.087311	2943.709702	2323.369488	2684.080592	2351.756893	2528.680285	2840.107102	2694.355009	2157.996700	2085.186348	2075.352988	1772.658912	1815.083132	277.417891	882.178364	1089.130262	1328.926845	989.624196	978.462906	828.584029	939.145951	937.096090	1241.008181	1236.562588	952.017391	1048.102079	1008.427942	849.158983	985.918981	736.542601	689.064483	827.415407	906.680523	622.733736	692.515438	850.282983	845.307460	729.600597	786.962050	695.027767	604.902696	640.818476	861.436621	765.576586	721.310894	595.307217	623.563811	576.521576	698.900688	801.845173	696.653221	871.099240	663.979214	734.018781	545.300174	503.516555	525.120865	748.915512	697.524096	834.996967	786.754438	703.404570	689.298838	695.093940	740.309936	669.747134	637.048202	556.564911	791.215115	674.175660	616.539791	720.697483	459.998548	618.571863	617.885296	555.302074	546.640125	624.566591	695.707830	643.875845	555.966920	593.786920	695.887333	708.634549	687.877729	609.342218	651.481247	649.877115	598.594330	565.804639	620.316609	614.257557	422.611464	390.928114	497.749183	636.661246	634.671732	593.345353	602.165274	613.831182	574.948809	651.199831	738.308299	748.252921	646.727449	609.666638	630.625324	674.526885	528.152775	580.360953	593.797416	570.176051	648.377126	612.681755	547.073610	571.134517	547.603156	444.160105	763.088394	798.986472	659.487660	481.893804	854.068074	0.000000	
3040.044861	2653.059054	3281.156889	3628.670335	3838.659477	5365.115438	7351.347853	8779.040596	7793.239687	8036.361906	47712.908575	309735.570041	118698.888840	22461.906694	8188.052644	7976.717109	7245.234179	4204.550132	3661.137750	1742.788769	4280.195081	3286.936639	3217.709809	1375.423172	3694.100470	4084.067513	2828.594593	1976.142875	1861.049611	1505.975902	1412.015347	954.202469	908.378388	857.786600	1156.783499	1209.145082	1422.110460	1678.692169	1628.882059	1382.531585	1125.244347	1618.648675	1654.689058	1745.204884	2159.870582	1802.073547	1434.179040	1841.460360	724.960466	1052.963710	862.543657	1276.433379	2554.598073	1993.733366	899.212967	728.480458	2221.967254	1244.111184	652.811050	96.387237	318.258853	581.854865	1197.479291	402.624598	459.194704	350.846916	539.552528	380.454086	1097.509211	987.280055	455.561122	924.831085	904.310656	542.127482	904.170341	288.270961	347.294400	614.869178	667.363531	266.163571	472.106913	699.111485	669.315342	430.758651	649.139440	488.231140	1013.895237	1129.941965	1004.702567	510.247250	553.049525	258.011968	283.820779	250.386348	374.956530	625.728911	325.434116	564.615480	399.281067	510.952853	253.296693	216.377990	228.062749	666.831981	1144.953428	1074.344632	963.040460	754.960632	722.508580	1127.716258	615.849538	603.419143	468.277645	312.066187	897.134610	455.651112	466.004704	745.276614	214.271583	319.474496	306.418109	273.359702	257.528056	345.308802	702.152262	369.815297	429.361932	447.404127	784.460778	610.066458	468.641834	364.810244	561.524916	832.843118	548.873465	1046.384170	932.537281	738.254371	439.648022	286.657652	254.323628	674.882658	724.322206	417.640384	349.578605	328.852926	337.199319	1046.624566	766.598808	669.351540	403.735016	280.186887	472.614350	714.087983	393.809290	878.379372	939.032162	785.169728	579.011086	465.465138	213.082971	309.436209	345.636416	170.014499	511.323372	865.133311	331.421638	191.928631	494.568333	0.000000	
2974.809155	3511.038702	3804.764596	4263.220241	4765.529312	5404.071393	6457.119033	7386.731424	7001.057770	7443.151043	19270.706480	118698.888840	294309.862690	57637.309797	15048.797605	9377.255476	7730.617745	6572.538287	4651.203588	2936.205630	3541.506534	2976.986392	2643.200697	2168.485990	3154.425111	4509.935750	2123.107858	1993.894553	2099.851717	2235.050479	1365.011251	853.648115	870.387055	945.960900	1071.347689	1183.907649	1297.883830	1453.037401	1881.580259	2093.845351	2047.655288	1817.996199	1417.928372	1464.109444	2121.612989	2195.856869	2043.223601	1786.187098	940.881058	1102.555554	1067.287900	1359.087270	1992.143220	1658.838821	1097.900305	872.997585	1563.920505	1019.683113	880.734679	180.287216	388.767751	571.951451	925.577621	464.300511	517.859605	458.469427	510.609366	448.320092	898.096053	759.918457	486.066103	840.902041	632.685430	525.635224	700.702900	299.463995	364.879320	500.563538	575.918954	361.339001	401.975701	585.343535	546.046524	448.380869	483.832693	485.033868	846.044782	1006.513681	910.766922	544.136128	422.943705	341.009122	290.604677	263.529090	337.309367	529.130546	299.880700	489.404464	377.644394	390.290037	274.068907	237.667451	284.518459	600.283718	1024.057529	1145.495851	1046.168273	993.264191	951.373911	908.747088	580.630589	468.613607	401.510860	278.990370	599.624146	399.620516	429.161281	539.954581	250.925406	285.742378	310.127879	285.663784	284.499676	351.772035	449.329453	355.741665	390.173546	386.535304	670.500173	561.209580	474.360836	399.596827	553.548863	724.010590	669.807005	916.350334	875.119564	604.715407	325.741778	274.206436	259.935449	525.032161	623.018376	414.309407	315.240257	269.660700	379.324816	770.107227	848.233433	634.757188	379.748927	337.136724	433.015122	585.984792	489.938554	695.842746	890.356197	771.966052	613.481178	436.184557	286.751863	268.133724	319.017890	189.578774	439.782009	701.715478	413.480849	264.102898	467.400678	0.000000	
3483.920024	3662.267425	4145.989955	4873.749263	4855.145881	5471.093059	5933.752463	6761.148992	5461.387325	4971.105648	10913.778988	22461.906694	57637.309797	310683.992940	65180.453647	26084.964438	13986.104369	8805.329998	5501.170944	2713.999553	4059.135674	3029.123943	2435.523535	1898.873575	3920.451394	5127.149318	2782.895174	2428.631594	2607.605104	2676.147802	2079.115260	1300.596739	1176.616592	1388.278371	1568.935519	1743.515662	1977.727421	2125.354236	2410.518105	2306.146770	2222.530366	2592.397385	2236.952446	2415.614541	2720.893514	2314.904664	2093.809251	1849.531794	870.716520	1062.973573	991.013944	1310.796041	2491.300295	1804.644804	945.288490	770.469417	1728.197517	1065.549840	713.363985	111.402679	381.332651	566.835173	977.008473	470.967292	396.474767	360.209471	471.701485	372.784700	852.099364	806.608063	493.013303	830.205857	818.309964	506.576831	704.769438	299.546261	308.579053	494.159300	537.370043	299.993760	386.997062	602.753490	585.799332	421.350601	564.009638	550.776252	990.662862	1106.038840	1114.797041	551.990104	460.368284	308.253326	267.816565	253.290221	348.176148	523.372198	339.433079	546.871409	395.619838	404.323638	284.778052	197.694736	211.627206	658.448504	1158.808151	1423.449351	1424.542300	1199.987163	1077.929606	1113.859942	588.822687	500.613905	387.630844	297.949473	716.520326	369.993839	434.471212	560.752174	214.244636	305.722894	252.703563	258.884167	216.795344	340.840491	551.472088	317.775629	356.388934	377.612835	656.087440	605.088365	528.878461	445.208396	661.852791	842.992800	764.259051	998.923186	968.307402	605.161629	328.790373	265.803708	256.796174	525.681727	635.504152	395.583915	299.680868	314.357421	381.062100	931.199837	973.102388	787.669040	430.735250	315.360422	435.613851	651.576609	501.718908	832.526164	1048.037035	960.824786	669.146915	416.311003	236.386224	269.060460	318.780277	140.689190	495.007707	734.959129	384.995742	242.835786	485.987108	0.000000	
2961.223558	3401.898080	3610.744509	4175.375671	4040.195512	4431.107256	4648.053342	4897.470248	3992.846820	3536.621227	5924.388382	8188.052644	15048.797605	65180.453647	296836.242604	113428.719094	23084.712313	10717.792836	5813.780350	3174.393202	3534.788909	2871.819074	2116.998871	2103.805056	3418.140773	4662.984320	1950.572856	1853.853632	2148.699964	2582.622322	1624.520709	997.123428	960.999892	1206.038420	1417.307768	1613.579371	1724.782307	1889.775495	2379.489794	2518.678939	2744.957783	2400.470040	1794.557644	2027.095728	2599.985190	2427.914829	2349.755074	1705.780354	909.499149	1003.843089	1037.761211	1335.513595	2124.062464	1712.104452	916.350587	752.092394	1298.656006	835.728960	685.030502	108.116037	346.001729	474.271484	717.435164	412.284118	419.651947	333.409587	421.206699	371.116412	731.386148	713.355107	447.474350	801.778676	671.071863	433.399522	612.945615	276.284449	307.126068	455.274211	432.277294	254.472522	335.002024	506.538992	541.958414	399.410000	431.106931	394.741193	784.732104	919.961152	992.488375	544.743060	391.181919	273.769236	244.695075	245.817560	320.444036	443.719721	279.898497	460.236469	404.748918	336.998175	222.277211	222.846244	209.776937	599.359237	1025.023177	1377.847299	1276.968841	1165.341419	1075.932353	911.051090	601.887831	440.970863	355.615233	247.537850	575.310150	369.562179	389.943585	470.949801	218.641640	256.608299	224.810859	211.252136	224.981503	279.071889	422.283941	299.912409	300.760537	346.759913	616.425526	588.044581	463.987270	422.109731	638.565874	745.151042	712.547596	847.432969	863.634336	527.141343	292.573082	237.046043	242.636908	443.687578	556.811459	361.330122	279.898900	295.095293	392.157980	738.386988	1003.679721	718.689833	383.762988	283.127226	438.004113	574.677354	531.182197	725.659273	880.550590	797.678803	589.827012	346.998928	249.912943	260.263584	256.698054	154.593207	414.791358	655.729405	370.153658	226.684082	383.608129	0.000000	
2710.311767	2543.632225	2959.790725	3261.040512	3039.618067	3997.344457	4392.168854	4210.038363	2824.448548	2434.314998	4818.223587	7976.717109	9377.255476	26084.964438	113428.719094	285151.479504	81002.986229	12426.943805	6124.481744	2456.013883	4684.978759	3583.485801	2891.497604	1666.747806	3949.216081	4844.069572	2813.867660	2187.344117	2162.037052	2074.027831	1899.884592	1190.241560	1146.300757	1233.110847	1489.913658	1713.028902	2072.376067	2192.357494	2169.152744	1891.488348	1718.784444	2430.487857	2164.919739	2431.963229	2610.873551	2136.489994	1694.279720	1617.760214	630.193204	869.480099	788.762052	1176.325584	2485.058934	1904.491040	787.416119	597.860178	1824.779822	1057.954719	620.920153	158.346119	288.366090	495.226264	1020.228416	355.317160	377.369750	309.111001	389.375573	321.718028	865.132251	780.230869	400.171877	878.636002	790.814584	447.124371	714.958791	236.611461	299.663269	516.181871	547.916642	228.501906	358.445092	605.883764	568.873814	373.895605	507.354598	462.830429	1033.160001	1118.570127	1096.892657	496.686742	402.117488	245.911866	225.144311	257.032793	356.879111	539.186574	261.335293	489.418361	375.414357	427.170859	221.681264	204.205240	203.887053	612.536277	1197.043755	1323.366392	1227.555508	1038.071116	944.118470	1124.899225	657.017641	491.270678	404.368182	251.293285	773.494410	388.413841	395.697027	644.277914	180.595382	252.875801	271.458591	204.037897	189.390022	263.126211	544.110399	286.410320	325.688873	382.143608	697.980853	530.589471	422.293688	357.864163	596.449503	826.934489	608.550982	1024.386823	955.730915	689.936674	316.391554	263.591386	220.243413	579.971327	673.375124	384.590202	263.856054	274.875926	324.496933	957.684691	839.290088	663.729912	349.027388	241.061401	371.152577	610.591761	417.346537	841.648326	982.511743	875.799742	585.612298	373.159818	192.375514	223.235927	274.621137	132.131272	438.670960	667.495618	310.095442	162.563089	384.860292	0.000000	
2568.947220	2609.297283	2951.943912	3334.912076	3103.121696	4009.755631	4312.014119	4782.652934	3952.393701	3332.876169	6366.663041	7245.234179	7730.617745	13986.104369	23084.712313	81002.986229	303331.947012	48543.615017	15078.123480	5228.194576	7597.146362	5070.510933	4061.233268	2690.629034	5654.199639	5614.484355	2612.019168	2071.546509	2152.148783	2140.541273	1545.718605	987.387800	940.114273	1023.577469	1204.767142	1338.932210	1624.860265	1837.514301	2116.368827	2120.388170	1977.951673	2129.148225	1758.315421	1984.880952	2886.609859	2991.116378	2906.276724	2831.110853	1261.472940	1806.309063	1603.071985	2220.975668	3564.949286	2807.546358	1427.023728	1173.830503	2289.169974	1527.312164	922.362394	177.192378	507.915768	817.136042	1553.037103	675.785902	688.769432	464.483280	745.597046	559.522742	1164.415045	1101.781535	716.362224	1025.001070	1037.784455	690.559465	1060.745005	383.875548	456.863595	685.742970	838.936042	373.174863	588.807280	866.196571	799.936225	548.985517	712.903270	555.690705	1061.546773	1037.877060	1259.716154	831.931745	646.288694	445.753757	433.561575	393.857059	523.094669	790.114588	482.756873	813.325496	626.956375	594.822498	398.527761	339.741820	376.634458	870.399963	1293.271759	1382.543030	1172.278690	968.881791	950.237201	1105.531068	761.965327	732.813447	624.708167	446.722890	922.989875	560.200133	532.133724	850.852520	309.903547	446.451441	450.245235	353.746199	375.146063	519.233403	780.753574	462.161137	504.435360	564.531914	872.620387	809.682578	640.591562	562.431773	792.852756	1008.715336	642.954847	980.849827	946.711121	783.151205	397.273024	320.327329	263.345084	635.301967	721.016633	457.391577	405.150056	409.937746	444.874550	958.656729	943.993844	778.375832	542.311283	416.715340	533.096491	681.043226	444.779874	809.988848	931.976539	857.232673	690.596940	554.971237	326.844890	372.986853	392.775301	186.610648	638.899374	882.685055	475.394736	255.314032	561.461028	0.000000	
2252.617178	3282.149035	3232.081938	3753.141803	4261.974147	3724.497374	3389.965150	5162.037955	7887.500241	7683.261284	8255.867210	4204.550132	6572.538287	8805.329998	10717.792836	12426.943805	48543.615017	278224.308501	77216.283709	21197.955683	11107.055644	6137.305822	4828.786064	7792.940976	7265.974145	5468.991523	1514.699282	1918.659429	2616.751070	3211.008769	1214.376835	716.283688	619.630148	782.323807	891.560463	965.116282	888.876154	985.861595	1745.852151	2610.521056	2940.281984	1704.523035	1016.741877	1097.671375	2432.418177	3186.906141	4244.986165	3790.040023	3086.573455	3106.738553	2966.716726	3105.835699	3075.649750	2983.294220	2568.895293	2508.765319	1859.246606	1910.699957	2520.980249	627.516815	1375.838286	1348.061524	1392.231719	1189.374519	1144.504424	1061.324577	1095.354296	1087.480087	1079.344327	1153.550028	1091.500832	1024.592115	1002.254445	967.752919	1029.564363	926.335105	735.567284	964.776808	954.510971	793.835335	797.013104	851.102509	891.867625	927.019935	915.043896	806.722868	583.335566	672.451348	1162.989977	1012.918579	784.734548	757.702954	742.341227	689.860341	693.709267	747.387289	741.533138	912.939062	783.690430	659.568185	586.818646	555.455663	589.453942	869.754727	736.513054	1006.973528	952.378101	924.598295	942.150396	734.023071	723.230989	569.213505	584.052755	558.514063	620.360319	685.794157	650.821494	575.688365	508.691207	540.407505	524.681734	521.671467	523.516082	598.959897	602.391466	496.983678	521.582041	488.520562	622.211050	762.829549	728.069764	648.192031	740.514302	597.729582	788.504507	564.613542	617.734229	483.432393	362.512667	316.361171	455.519677	427.677296	518.762739	527.274895	479.328747	566.869642	651.439232	585.873922	875.144836	777.643559	667.193737	531.403388	571.121259	547.154239	546.990467	474.948217	567.231500	663.808385	724.157728	640.283927	592.838285	485.037897	484.370927	450.433410	666.331807	769.449562	784.353337	573.619728	762.043247	0.000000	
1857.312865	2631.115707	2704.972269	3084.549051	3409.364735	2996.192518	2855.388151	4584.810025	8367.234643	9051.312361	8087.302152	3661.137750	4651.203588	5501.170944	5813.780350	6124.481744	15078.123480	77216.283709	257276.703097	66281.416469	21808.338353	9278.400636	7437.245858	13254.351055	9636.925639	4743.791814	1278.726428	1810.752930	2354.258119	2760.217526	974.658926	616.661566	584.947819	632.129934	695.170959	759.904559	694.880374	845.688225	1461.429345	2082.456209	2212.207762	1314.648051	731.798365	803.260263	1790.832399	2632.121786	3831.325701	4135.204203	4172.327066	4203.477510	3910.676915	3572.136891	2932.272927	3135.608988	3469.972359	3457.559147	2256.405104	2259.495927	3442.283022	776.103604	1699.578336	1682.305354	1604.724619	1518.003494	1413.229301	1316.811778	1387.217122	1447.104347	1296.323474	1363.176589	1340.925665	1101.398582	1090.351883	1062.920556	1205.947149	1102.118236	1155.489346	1140.098935	1187.885111	1031.316837	984.372137	988.012422	1016.408684	1001.721353	1001.320412	910.334922	606.522298	550.718735	850.776948	1005.171558	951.500485	884.811135	954.881981	789.895649	874.423669	859.789425	842.226141	942.767611	811.017028	825.015173	638.957748	685.529742	717.456128	764.313490	563.216008	690.716158	604.499240	583.310575	669.611918	531.629269	709.115018	669.618991	638.756564	680.486512	636.572355	769.513866	668.298205	603.822914	586.403501	612.503683	674.302342	654.160790	704.366691	629.159716	663.413828	601.614004	573.111771	591.041122	583.126006	666.022135	732.189330	629.924389	599.012848	474.488340	590.463615	399.387322	461.069046	457.987963	418.078825	389.607452	547.014236	483.064133	470.844058	524.991158	572.261309	629.112455	632.461327	484.691531	560.834959	595.363346	709.594361	666.522875	594.789942	474.362017	521.248131	417.353549	441.228035	446.790803	613.105793	616.092203	650.184455	633.573008	583.615638	520.747408	659.436813	679.507032	729.263523	668.923618	730.410686	0.000000	
1452.563272	2305.337984	2219.990641	2465.784857	3163.978078	2204.041051	1918.568429	3050.849773	8809.842740	11359.566205	6271.870764	1742.788769	2936.205630	2713.999553	3174.393202	2456.013883	5228.194576	21197.955683	66281.416469	302381.952198	34592.114666	13357.611338	11941.708999	28679.048309	10761.211496	3611.428307	897.872905	1614.973920	2377.682838	3083.577451	856.491197	538.220626	499.055370	531.962762	565.484408	592.445130	471.765463	524.213226	1102.938895	1973.115636	2171.317690	816.699357	434.584505	421.697790	1266.550672	2127.401632	3795.745093	3439.626575	5679.963851	4953.437870	4787.043896	3573.462605	1782.429092	2412.645309	4272.659142	4150.917872	1617.663401	2834.551418	6000.454090	2011.616978	2920.709915	2178.450864	1145.505525	1807.471400	1870.022977	1731.283731	1571.922426	1604.056577	972.842779	1129.024209	1461.807615	782.126932	878.889863	1211.454248	1008.860069	1639.712171	1492.049543	1085.694855	911.472242	1511.451586	1169.408774	893.327700	1007.865151	1221.003808	891.366325	1025.379050	346.916127	288.828224	438.771510	837.141681	998.777034	1080.851715	1097.845047	976.949256	951.163288	716.019652	1027.295474	770.351035	771.061065	784.689284	872.884579	967.398621	1033.518801	619.384736	334.590808	371.683929	377.327178	409.945277	523.394679	281.552942	595.013405	599.030162	634.154727	782.088894	438.118027	670.152768	671.579138	445.017661	656.976910	730.683131	699.746456	756.030944	716.121696	666.183648	481.776309	614.052549	627.511359	589.323962	432.523653	519.225808	656.062194	654.291999	461.047224	330.129101	450.515997	253.243788	294.928907	305.831446	445.169732	485.119527	595.177071	304.589189	284.686757	494.691341	652.517607	621.261792	682.586556	238.717718	348.969098	357.082697	671.261728	625.962299	568.820170	306.228695	557.059633	214.760575	227.376906	310.810441	456.506403	517.654102	795.718688	620.444501	688.471969	985.203909	577.237661	406.440943	940.776333	1295.396148	689.106887	0.000000	
