366848.953388	75683.793893	17755.784867	14092.838089	16912.485054	7919.684270	4820.771989	2841.048042	2294.085776	1932.406025	1799.900056	1667.783947	1630.431208	1552.712869	1472.838713	1381.595828	1355.094837	1628.327239	1154.772397	1091.594665	1282.850878	1392.869331	1541.897125	1696.471384	1634.992028	1805.100702	1777.006590	1451.526189	1291.722159	1428.786315	1822.474471	1367.171677	1495.437971	1361.575477	1427.800675	1357.730713	1259.282362	1301.571765	1241.424097	1270.669574	1184.275937	1481.985351	1384.808872	1733.196375	2333.851442	2500.506950	1573.929547	1472.638938	1157.815808	911.745162	1480.313236	1384.198803	1090.958473	1009.071450	1290.007436	2306.959835	3577.783567	2765.352859	758.130689	2097.418689	1896.402814	2121.741358	2603.965474	1712.789140	1625.405879	1547.064348	1347.104339	1089.164865	1640.317950	2125.975411	1829.364847	1477.737798	640.254125	1186.555138	639.826647	594.879998	348.852043	304.998710	294.290145	334.769402	238.693428	274.034299	211.047045	210.825831	329.002951	371.770553	267.814307	226.098986	369.220587	391.027237	401.240422	279.041613	287.177325	371.355586	420.157264	785.791767	1245.797020	1287.083494	1618.886108	1000.328268	717.762446	481.295281	506.021639	534.232714	535.386375	413.535289	206.250572	140.663225	189.927238	215.313952	205.947043	145.017714	236.307046	153.828702	294.481868	211.819286	81.515294	179.992292	213.527624	172.323283	205.395116	202.150651	168.501783	227.777183	275.605737	378.778087	557.826824	527.669705	492.660509	518.082201	430.209368	389.701456	443.887966	357.608134	213.662798	334.528234	487.423252	504.501036	501.587508	429.145093	358.968361	274.500502	242.549157	202.196371	231.382211	251.074701	550.379818	764.470544	1188.421080	958.378860	866.768932	794.518630	1072.733732	1274.285643	1431.547229	3022.579603	3885.891102	2953.742366	
75683.793893	299376.678685	97591.767462	14722.616934	12562.954589	11664.072527	6674.807808	3081.456294	2182.120313	1498.710825	1570.190305	1676.193497	1533.891603	1295.165275	1213.625882	1109.879357	1216.560507	1462.754846	1038.170510	947.837907	1309.489834	1386.719362	1748.723018	2165.318349	1810.548986	2119.148299	2262.291558	1781.065667	1600.981865	1600.144994	2179.355149	1383.387968	1512.875569	1244.730632	1080.441322	1471.551099	1607.881043	1554.721083	1442.817819	1397.809675	1120.482150	1131.254063	1313.639289	2088.926063	4297.474914	3183.427176	1324.933805	1684.632302	1133.864170	888.400444	1417.347974	893.623410	639.401618	610.003140	917.361051	1795.273150	1495.186127	867.995377	421.727171	480.123645	598.785350	658.753194	1148.583133	1707.858027	1535.797069	638.054389	741.654933	965.408908	834.970987	855.479527	1892.974813	2504.607519	952.710925	1842.781822	892.400399	702.851864	327.315442	228.301427	223.615912	289.610633	246.974660	210.447183	191.672889	180.913445	305.519715	379.040473	221.039602	219.897199	368.884612	412.355747	474.161332	265.530416	253.058764	363.088674	380.293238	789.456688	1666.433567	1986.791983	2350.575767	1530.220432	824.266234	532.896352	591.052164	755.621535	609.823254	503.404512	217.863769	132.605624	177.526782	213.315191	193.875261	135.320495	212.671010	159.169858	319.374888	189.125251	101.999886	150.639758	231.474720	198.177354	180.518172	188.928372	143.809365	180.588545	224.817395	494.625118	801.993836	700.520816	632.559758	552.776408	513.185265	448.950775	513.268232	387.888485	183.217901	342.326560	517.862655	699.296957	562.601651	426.324715	363.467432	289.014568	178.496064	119.854821	129.587125	171.969607	624.913236	991.177822	1481.657985	1150.628134	635.767319	313.792794	583.343694	984.401059	1168.644465	1045.646284	1303.830628	804.623634	
17755.784867	97591.767462	288712.966857	58827.990897	19516.040172	18927.438496	9818.381037	4536.732079	3069.071188	1534.404105	1868.364106	2455.110317	1862.263615	1244.332689	1341.870416	1198.704185	1271.615869	2126.736950	1393.021860	1004.133422	1811.712691	1631.267278	2178.533877	2626.768895	2128.997554	1901.130086	2327.471666	1545.678285	1738.834745	1382.138024	2737.865278	1230.251866	1693.633392	1383.631166	1057.265853	1774.622942	1751.421640	1942.647335	1654.272070	1595.476555	1240.528584	1258.528177	1120.505277	2813.267902	4546.646625	2807.509975	1261.287553	1839.364427	1256.738796	905.760604	1846.672639	817.868171	565.402244	485.287488	804.921497	2207.911075	1532.584106	554.485033	211.004392	337.143430	321.337222	577.938381	1102.092313	1973.020679	1888.605440	406.436306	558.969567	1175.337702	690.191881	605.992763	1972.005544	1995.138830	1122.613650	1642.662481	994.473163	871.394282	289.270691	214.501501	246.266072	499.849304	264.486878	287.695594	214.444040	169.029694	406.000279	540.272835	216.205510	251.713220	467.953395	550.862521	629.307608	314.224325	317.410904	402.510078	354.120296	822.563629	1387.800044	1610.462952	1703.608655	1198.256261	938.131010	390.104580	660.103422	733.964934	614.665285	555.324279	242.568934	124.888633	261.351979	254.203383	281.453822	151.045125	302.413080	204.719339	456.285657	299.748090	125.801551	176.709239	350.420480	245.322761	222.245221	221.589496	187.590962	200.173816	304.726911	567.512132	930.912827	708.393406	574.771698	414.423188	392.559325	406.898559	534.844239	448.436153	150.281050	419.989026	545.718513	677.689610	583.480167	367.873322	375.384554	298.092115	234.841657	122.783308	111.420046	173.867085	725.877444	807.273297	1190.893707	999.500443	634.644700	225.883101	489.572941	748.227657	979.651318	763.291995	939.569795	423.458973	
14092.838089	14722.616934	58827.990897	261333.771922	83630.558073	13945.297142	5195.888205	4934.299297	5199.120266	6414.611601	5146.933385	4385.537227	4091.703016	4036.013198	3774.445500	3430.796673	3046.117267	2456.208533	2363.854674	2366.973595	1967.116882	2269.374779	1817.189327	1787.221047	1996.841675	2232.627733	1812.937173	2108.795081	1776.611155	2302.671277	1907.470146	2526.209178	2356.173060	2535.049406	3014.403764	1910.913119	1841.973844	1526.927280	1808.254190	1940.889835	2377.529117	2490.980923	2693.618859	1953.305003	1532.042906	2990.576685	3251.634538	2407.153708	2350.822682	2158.525748	2438.539366	3048.995844	2749.602790	2699.516285	2765.473604	2901.252440	3693.889281	3456.082639	1109.134293	2318.215497	1808.256795	1761.690460	1855.388818	1375.958161	1276.012545	2067.185201	1825.403045	1211.112295	2079.714197	2604.831609	1201.050283	691.832456	242.286007	531.353807	386.626317	609.028970	718.930155	690.903833	662.181788	482.529776	472.164578	452.598353	471.740890	448.515113	488.143723	434.188040	464.495606	449.237913	404.463333	423.642401	378.718840	396.153578	502.131364	542.028946	738.722845	770.389135	806.006478	530.144484	578.837173	503.607980	563.808087	611.833369	480.969623	348.801565	370.799831	369.300676	396.132588	357.479891	369.160225	341.159408	372.800256	322.885027	312.870846	268.407882	277.253455	303.822665	313.182149	248.503845	256.752778	311.172867	368.260208	337.660657	346.027263	301.382199	329.992975	321.599824	228.742994	315.359260	282.359366	408.743486	336.753543	317.595273	310.208896	373.930457	368.730367	370.952953	400.463402	325.434792	366.723662	422.923032	451.184834	329.546877	432.678671	415.481329	481.526262	475.616279	442.313661	476.880350	551.126163	613.094874	811.041854	1101.839221	1020.169814	826.923034	934.459824	1597.268315	1690.746679	1051.127041	
16912.485054	12562.954589	19516.040172	83630.558073	253775.968473	53520.379201	9968.276327	6457.678257	5374.434852	6230.179609	4926.859356	3845.018061	3547.478719	3434.508308	3284.488734	2832.624216	2741.402536	2160.161944	1932.518925	1956.548657	1869.312045	2079.324603	1842.953647	1930.744707	1952.528749	2195.946410	1956.747671	1962.715025	1639.390872	2111.094675	2051.353903	2179.770879	2315.844967	2281.304719	2770.626579	1920.200726	1873.582255	1526.958540	1613.000993	1804.169722	2114.606258	2482.615709	2569.099075	2046.037092	2061.059575	3277.597854	3096.936110	2276.322680	2067.573559	1720.567591	2143.646148	2867.927838	2564.526961	2500.845354	2563.943308	3007.343368	4826.459154	4797.528193	1500.434748	3117.016268	2769.047106	2521.554287	2532.376640	1561.539634	1413.159466	2538.794726	2018.876797	1136.091182	2330.181134	3168.644545	1445.956744	798.192320	317.136596	645.845418	462.394239	542.553150	528.742764	425.476540	494.293691	387.175958	334.731168	343.161828	307.551586	308.766901	387.114334	417.768877	373.066640	356.576311	401.641449	419.544743	356.215264	348.654899	375.936325	434.437006	585.635411	794.928199	865.291472	661.925100	644.801450	499.169630	521.322327	521.190770	432.918899	413.571859	365.323431	336.978970	295.937821	274.623235	296.951252	312.588805	295.751884	248.814711	234.400638	203.569927	305.052015	258.954929	212.811949	162.600539	220.332783	250.525427	264.657671	313.573044	280.370929	286.005005	316.724724	336.454558	311.004995	269.195331	297.007877	426.755059	363.114228	322.320771	302.579305	348.443531	342.871611	328.405304	420.776439	341.261255	396.702436	434.072219	390.086514	338.679909	322.020692	351.512909	479.089569	399.433510	472.214056	535.967989	598.142613	609.927874	953.570045	1290.428988	1105.778434	920.030116	1011.311743	2343.942568	2337.765814	1622.721068	
7919.684270	11664.072527	18927.438496	13945.297142	53520.379201	324519.845075	62368.802022	9891.937122	5550.795069	2273.446883	2421.676130	3027.271043	2273.530405	1493.493109	1530.889752	1326.841056	1387.650363	2381.242231	1438.685068	1012.337533	1910.887601	1798.850595	2541.832819	3259.898261	2411.439961	2150.006836	2776.278427	1850.292175	1838.827634	1516.366113	2989.302599	1275.237358	1810.063896	1538.412090	1100.312760	1987.978523	1949.092471	2140.863321	1853.927944	1821.248328	1445.521856	1461.269514	1181.513596	3169.094843	5396.125078	3201.115125	1343.977042	1840.849459	1242.724546	950.941262	1863.230349	827.148879	595.679760	494.273444	856.792487	2230.117053	1592.568565	642.618201	145.916696	404.613372	349.752859	605.092423	1258.281682	2068.797719	1951.275281	441.814658	545.298406	1026.712922	717.521614	628.064213	2040.227126	2026.689445	1136.505983	1745.626965	1055.739177	878.992013	281.538477	222.908377	267.186560	413.235921	235.652259	280.266260	206.692372	180.916735	429.461487	579.487584	212.901634	257.568631	441.691561	567.435687	636.498814	314.186688	334.476813	368.796072	406.378315	821.962042	1436.301897	1691.547668	1625.640165	1088.244213	895.053630	431.632883	685.197506	791.192319	648.449406	592.644216	254.059854	144.583806	228.532985	258.989218	256.996429	136.172892	312.302967	205.354820	461.415203	232.756678	119.536544	201.467838	327.844049	250.040182	228.276182	230.767105	212.231957	215.367794	278.203799	582.704824	1007.333400	783.122161	673.871716	392.166288	357.534514	385.742418	538.318797	474.949263	156.296535	419.164997	574.006086	684.701329	563.173642	367.966920	329.231158	298.724094	259.970896	113.211765	107.850842	188.365408	707.124368	750.273942	1195.803531	963.908052	603.430972	217.572403	439.683504	692.320181	920.674162	715.700574	846.148401	324.304111	
4820.771989	6674.807808	9818.381037	5195.888205	9968.276327	62368.802022	343535.586043	38239.792101	15446.945934	3511.476007	3752.658650	4700.291323	2927.310348	1850.746989	1820.362655	1591.772492	1569.651429	2878.560228	1725.157142	1171.245375	2122.994261	2080.281114	3087.796060	4002.484168	2747.325749	2273.200469	2903.267542	2012.944666	1999.938899	1551.188014	3499.852676	1285.722536	2054.280073	1655.532643	1078.096950	2167.793060	2308.474056	2602.856822	2187.201604	2082.305606	1520.912973	1411.379954	1133.247401	3473.921972	5322.546615	2716.416430	1219.155116	1687.506577	1173.200251	904.293585	1750.128305	721.731584	563.453151	502.777657	796.291230	1814.949491	1239.593166	511.217213	116.376132	292.004278	325.851619	510.509375	938.983503	1871.866443	1828.698556	299.412744	419.304625	926.437449	513.012082	427.237994	1867.309654	1957.161529	1145.388376	1870.149396	1389.497681	1090.984703	328.539720	281.515334	245.347374	507.838890	295.049896	335.947746	257.938455	193.057006	483.384283	684.500165	220.410413	254.859790	590.806906	721.884238	828.871192	352.912919	366.363640	431.654533	391.784910	858.900295	1524.699580	1709.414809	1554.704473	1176.250824	1007.169729	428.287011	733.054296	865.801161	771.707545	708.702429	289.910915	149.814758	254.165077	302.568239	286.955171	155.638579	377.369944	245.969461	561.968203	322.781193	136.013539	210.404238	424.564690	274.237874	284.623738	266.834289	213.161765	286.119262	356.070865	760.489288	1217.465451	891.946741	796.045632	428.995224	425.881332	435.060014	626.633071	571.108819	152.549325	451.397708	715.028325	805.119436	638.779258	442.191109	380.802253	325.031040	250.200908	126.409154	129.894790	186.097892	847.927514	819.311650	1192.034786	969.132987	593.494974	181.123422	323.551884	585.280062	725.452763	499.017230	532.261560	233.138725	
2841.048042	3081.456294	4536.732079	4934.299297	6457.678257	9891.937122	38239.792101	285440.059174	107464.023819	10725.693623	9594.839780	9982.940675	6329.638469	3917.967215	3823.858482	3211.338170	3215.895628	4444.399971	2926.725842	2234.656489	3333.725919	3214.712931	3383.607943	3310.754970	2789.983364	2316.608997	2322.826529	2161.802984	2416.520202	2020.540426	3100.915442	1953.179194	2453.855523	2327.956415	1841.778606	2648.958545	2465.539057	2979.757293	2623.560316	2421.424997	2014.362998	2107.510387	1739.111197	2917.063745	2315.755974	2219.662784	1760.716451	2158.531350	1941.575543	1651.558508	2565.650261	1275.317609	1130.428812	994.861423	1265.915470	2088.101873	1240.257492	639.124348	138.880229	410.931913	373.525965	451.949945	887.225115	1053.546963	885.524921	346.913383	442.182408	749.665830	522.602524	406.899582	743.078317	706.037437	368.761648	789.799982	905.632263	1006.673145	535.923981	492.634989	490.276234	804.207635	443.415589	564.067479	423.432477	395.425134	593.937451	734.060521	417.729731	429.009052	661.196893	639.137552	858.811132	496.154747	460.219767	556.795044	563.559739	704.517374	720.366768	606.658010	549.591063	609.879151	609.730680	444.046435	574.825821	596.618539	648.120268	688.398663	400.947353	300.543767	399.202884	417.173544	399.518922	279.793119	571.955137	379.354756	625.865875	449.766305	235.129202	291.603806	500.347706	402.685725	392.893213	397.028493	373.228427	385.290658	545.911426	588.567504	537.654669	453.366585	482.164078	363.958109	413.885755	417.082017	572.333102	481.023335	288.850084	486.707716	550.722608	601.076654	532.126708	438.859232	493.271450	405.103984	381.307569	218.267705	204.531097	257.346267	534.666479	518.403200	640.311902	602.161714	511.332013	221.580240	374.772868	492.851250	571.418777	392.108050	464.135010	143.057233	
2294.085776	2182.120313	3069.071188	5199.120266	5374.434852	5550.795069	15446.945934	107464.023819	233922.318697	43980.412259	27294.866250	19249.370475	10329.950285	6329.326738	5736.432352	5183.064064	5325.665801	4922.512322	4189.607324	3905.644181	3805.737937	3567.213445	2941.915446	2531.739591	2501.614667	2323.059038	1939.693728	2276.437310	2426.293246	2665.711983	2528.031905	2878.039389	2940.742305	3202.006127	3013.131434	2839.033518	2499.362573	2555.395175	2685.908740	2738.373189	2530.108242	2475.137461	2540.764173	2250.618812	1367.236529	1871.908660	2362.421820	2531.541393	2684.993111	2807.203433	2976.981574	2164.643004	1799.008661	1748.174888	2019.983897	2110.393143	1208.271997	844.486232	349.533119	617.780972	423.351077	495.934972	670.475299	742.636760	591.606359	400.631399	444.278491	688.178295	534.451218	459.170231	488.421218	368.500464	211.743751	401.595900	498.567688	794.986242	843.598457	734.239909	690.767336	734.072608	633.770000	617.386076	586.903336	614.402561	641.395693	706.602548	575.348842	626.183717	661.426008	608.799090	667.671453	668.788128	660.422226	685.300069	687.419006	601.646471	429.438900	327.178730	295.720383	327.962554	446.419594	508.863632	483.364413	384.309046	388.358051	491.716623	465.019373	404.710157	447.324024	421.763311	494.719366	423.108521	549.972807	448.684226	548.335945	523.159847	458.146132	466.115050	487.811321	566.952733	507.175030	464.952245	442.709892	462.556971	592.282709	463.173739	317.860725	262.551597	267.055810	312.211144	329.287737	323.188750	379.207404	475.086585	494.832781	511.384274	419.893469	349.724130	366.270406	455.249974	508.031436	419.193492	443.509953	314.303149	302.084556	349.475851	460.595443	340.690594	405.470394	346.984508	420.042395	315.174697	377.290649	420.824771	448.156250	335.707171	391.127627	178.781353	
1932.406025	1498.710825	1534.404105	6414.611601	6230.179609	2273.446883	3511.476007	10725.693623	43980.412259	277305.557981	72277.847061	25444.657151	13586.753183	10818.544493	9102.264978	8275.289181	7032.469725	3724.539551	4949.411146	5384.767426	3326.183201	3288.708296	2228.397385	1698.777325	2076.806487	2022.388423	1453.659818	1984.187606	1854.906623	2483.260049	1391.204956	3307.448966	2938.798635	3548.401217	4467.746532	2280.271861	1943.035164	1591.085489	2146.015137	2356.126707	2909.933311	2630.659492	2873.853531	1243.361920	548.299703	1382.952110	3002.673870	1826.397248	2959.562272	3410.452382	2144.642684	3172.654104	3746.744379	3904.704849	3250.673850	1691.290496	1721.855388	1728.535914	549.059803	1256.364990	970.140748	998.210935	762.286825	432.175925	332.000478	787.779765	813.288443	498.468681	686.297864	793.110819	266.766915	160.298148	64.795143	187.700187	323.125640	503.285661	1178.329696	1134.370555	1137.616632	584.160726	941.876694	767.165767	844.293691	852.528595	687.365105	593.137952	776.742356	831.031988	512.216890	552.606712	410.683897	758.185446	807.588562	595.054730	771.751725	501.205811	234.111432	138.369723	131.116980	122.204527	252.777148	535.017875	278.272740	195.204225	248.154903	301.964487	563.785545	723.071232	510.746838	494.083989	491.056597	707.939638	498.818755	519.592563	344.040103	471.261851	619.718607	557.943696	368.021058	535.600021	606.285844	541.366683	579.521161	514.749321	408.317248	312.685099	81.282635	127.084740	116.088420	251.569279	207.157219	258.627944	249.719887	366.595611	712.047010	359.928980	297.133209	167.458375	233.532641	468.772115	438.435139	455.359080	512.717187	677.225504	595.817162	592.263997	285.059905	207.932150	166.155179	213.171921	389.277846	592.297417	447.070380	315.581408	325.412827	447.063778	416.471145	351.045615	
1799.900056	1570.190305	1868.364106	5146.933385	4926.859356	2421.676130	3752.658650	9594.839780	27294.866250	72277.847061	249624.861309	74881.117615	18586.384108	11266.469674	9119.505644	7805.012962	6609.858913	4028.845066	4749.392327	4934.123362	3296.010905	3282.061024	2446.327231	2060.463898	2267.065324	2195.088512	1579.592138	2171.373426	2108.653588	2587.716300	1798.996422	3011.040279	2841.109507	3409.577071	3771.378771	2545.432405	2109.434544	1881.389719	2373.514747	2401.305463	2689.482586	2296.085787	2737.149219	1419.799293	719.996730	1450.140818	2474.661966	1825.642259	2896.145091	3037.319203	2249.057710	2672.643595	2845.488550	3052.716329	2772.156366	1921.749847	1461.738916	1208.320533	467.727538	952.161954	729.794307	714.371721	660.348900	590.919749	371.051779	608.688916	553.550600	571.972144	623.686665	638.658977	262.934711	205.778045	114.073871	204.378533	265.930136	631.637411	1010.116661	903.208682	842.562687	571.495758	746.309480	655.066785	770.483769	726.243478	628.201311	613.631369	698.787205	643.716170	556.984576	552.459369	460.561056	700.753687	679.802782	594.015355	654.754160	543.406387	268.308660	169.512610	153.181184	186.771886	322.999878	537.152364	335.259512	227.876985	258.739530	336.723230	499.761252	596.930089	487.787096	453.179878	488.687326	554.955007	520.921629	478.928934	327.057411	448.537890	558.573048	602.740615	353.813999	493.399123	510.785479	502.106604	539.246806	463.854882	438.518268	384.522061	145.078964	122.558116	182.051615	242.445274	267.413120	298.419295	260.463145	375.865462	601.666549	410.585141	330.581943	221.676224	284.516734	437.707200	384.093522	452.557828	483.202202	489.441342	527.498534	498.630934	335.440135	255.533458	214.365244	231.614861	368.744628	427.528245	419.682066	338.079515	390.964656	272.365585	336.045029	338.917898	
1667.783947	1676.193497	2455.110317	4385.537227	3845.018061	3027.271043	4700.291323	9982.940675	19249.370475	25444.657151	74881.117615	243299.957274	56129.972623	15428.322680	11183.955694	8704.226126	7582.528541	5429.455708	5661.975509	5381.149052	4275.645228	3910.413229	3145.342307	2709.442029	2811.104355	2522.959971	2036.964844	2448.993295	2619.344078	2754.838957	2375.548782	3086.446776	3221.349342	3675.988143	3508.981987	3124.888523	2757.844951	2597.452801	3087.238996	2941.987538	2969.574425	2403.396388	2602.573815	2073.102368	1130.653271	1710.468764	2275.914442	2142.141442	2903.756163	3168.822198	2511.733943	2171.455075	2066.165942	2098.974941	2265.392679	2074.127708	1305.302934	893.835928	137.950804	529.003666	427.540152	540.506144	680.048665	695.172562	575.348476	438.298160	499.109426	754.155011	596.271619	479.372123	448.679472	272.693769	166.053185	342.526973	474.726078	845.930815	1035.256207	973.902244	770.089555	702.890131	874.371097	788.273700	770.975792	674.417683	728.541928	716.532965	733.202350	728.938502	682.377771	721.906260	664.165213	811.775974	736.235754	682.950782	629.095354	509.618741	367.475253	222.497754	203.305548	242.921102	424.083178	564.095601	430.481487	286.095214	359.479259	472.793122	560.443812	526.641850	520.073724	476.098125	484.285703	566.248572	623.996464	526.306948	486.693545	501.024905	542.451835	596.993313	530.022444	583.262924	571.547719	552.924892	542.991639	484.328868	492.428916	517.224401	211.029319	245.800229	232.674038	248.037884	304.624919	421.854603	328.706381	455.928819	567.083047	514.428914	370.698026	320.547666	360.899652	445.648723	480.587928	430.714645	464.778244	360.613155	375.315650	421.616491	427.905463	301.894719	284.056658	304.037008	429.363353	310.124284	343.629030	373.922346	431.925709	297.329267	368.823110	264.599727	
1630.431208	1533.891603	1862.263615	4091.703016	3547.478719	2273.530405	2927.310348	6329.638469	10329.950285	13586.753183	18586.384108	56129.972623	245981.270154	65791.023421	25808.940197	14785.228918	10856.183297	6110.343717	6706.003338	6324.336650	4761.938881	4293.620267	3299.402665	2718.813945	2944.393632	2748.426792	2129.621852	2654.397384	2699.055882	3190.656615	2362.681212	3402.987068	3358.294611	3936.348647	3837.727554	3094.719676	2768.459238	2501.165502	3104.579991	3108.139831	3097.921823	2447.280062	2927.960463	1920.645705	960.242385	1746.239076	2419.359747	2259.587859	3134.919654	3299.431210	2670.488135	2442.951405	2442.721896	2459.708207	2653.658298	2185.556351	1313.716247	982.916505	339.422496	609.284600	504.812991	555.963434	687.220631	629.195803	468.146426	490.923839	571.131555	728.602106	591.051322	470.634109	333.913251	213.328402	86.787170	295.538008	433.784730	731.020011	1090.059807	1036.612164	883.276414	651.241220	812.109943	729.835270	803.896360	789.292173	685.924208	613.532631	711.004196	725.990925	701.613652	674.822681	575.448151	782.445718	727.650178	673.817437	625.510107	524.728533	301.199607	180.242011	183.338733	208.305447	341.827378	591.841040	409.583399	249.539890	309.609524	424.616427	585.927400	585.424512	464.536679	450.129214	522.492153	515.041984	535.225259	559.830969	419.969220	531.629902	604.005071	636.513988	513.920736	594.347003	549.808422	485.167697	551.159014	483.000581	469.901395	460.681877	179.457128	170.465442	253.826267	277.849638	314.263129	372.209362	309.689265	486.637186	570.987331	409.014673	362.222380	312.796825	337.730553	436.207265	482.007304	484.686741	494.914538	422.029302	419.301237	433.575989	396.683420	327.938304	240.041033	292.955033	392.561415	354.621915	352.285682	363.944106	426.777515	249.203345	386.611401	229.068631	
1552.712869	1295.165275	1244.332689	4036.013198	3434.508308	1493.493109	1850.746989	3917.967215	6329.326738	10818.544493	11266.469674	15428.322680	65791.023421	245081.646730	81687.997386	25295.452863	13656.480249	5750.208505	6934.918197	6986.213506	4291.064132	4074.163977	2702.428400	2143.272494	2544.770286	2459.505676	1703.202061	2344.981453	2216.281779	2846.831514	1675.313050	3344.938619	2960.609951	3602.449337	4393.230770	2666.324532	2251.807406	1835.281883	2538.048926	2657.883837	2887.736387	2503.834620	2966.102353	1429.298282	661.621638	1460.828747	2692.347410	1933.805802	2915.336192	3239.854610	2141.930143	2891.610233	3145.913295	3409.805602	2866.345588	1708.030550	1422.632501	1390.417424	520.373482	1131.701630	716.006672	749.339015	692.030480	535.647399	371.887560	745.115934	692.106194	610.453505	655.173824	691.398020	266.411083	157.264218	80.600414	199.377879	309.001023	618.159120	1136.142449	1107.519130	922.269176	579.862744	853.797576	707.363780	779.488128	814.656870	667.361672	517.497227	743.362977	740.021421	560.955088	592.763632	439.959146	710.354118	740.247464	579.191737	661.974472	491.039407	226.240385	172.121805	112.061852	157.548989	295.236815	547.528542	348.505682	187.360929	223.935541	302.846445	579.341341	628.025261	500.316645	450.227587	481.167807	558.755273	436.535157	479.144321	327.837388	485.927975	712.268926	603.649994	393.560336	540.910838	500.112244	489.553376	491.150301	435.585352	401.668867	330.797540	146.735088	122.504534	150.031683	248.360130	286.822335	285.725032	261.927693	350.156755	719.637840	401.691258	323.182869	215.156720	256.184952	440.277997	396.931347	426.411665	500.963584	607.550989	542.629821	517.005648	269.379559	231.696796	210.750107	226.835126	357.899838	524.258931	378.937071	319.698620	340.972568	323.436846	360.272478	291.116695	
1472.838713	1213.625882	1341.870416	3774.445500	3284.488734	1530.889752	1820.362655	3823.858482	5736.432352	9102.264978	9119.505644	11183.955694	25808.940197	81687.997386	246105.981822	55867.847360	19930.288635	7590.751228	8204.078837	7806.645047	5091.303639	4527.713256	3023.919677	2511.133082	2790.627201	2621.790831	1891.111312	2517.910103	2338.364510	2846.111297	1899.222344	3510.682618	3156.691326	3801.088468	4679.179654	2809.766179	2495.853220	2125.045014	2621.642907	2646.626475	3085.420265	2740.943685	3053.403882	1611.010107	767.954823	1473.179920	2741.323733	2019.309191	3044.937500	3425.546417	2404.290978	2818.616783	3179.474250	3340.685559	2909.635467	1916.320035	1570.955465	1485.075597	512.539733	1258.737226	818.201236	831.879382	718.674269	593.360387	378.705712	712.967730	712.946190	633.849653	673.965788	633.844215	335.718296	191.916098	98.288726	195.141355	306.745746	638.294947	1119.038860	1079.206309	970.212523	628.379914	825.792279	779.054116	798.327905	855.181963	588.263862	569.465504	797.289604	746.580172	610.425559	675.300048	515.226222	708.333860	734.690715	623.915494	636.878038	464.352818	256.629354	164.917588	123.488708	186.632077	308.632312	557.401549	344.418906	202.467161	240.924186	328.910026	540.587260	583.020860	506.666097	402.912857	492.667032	611.309942	485.188190	504.923394	339.265377	445.517208	670.055507	710.086414	400.288439	519.142140	529.125313	494.798865	550.858186	471.930812	427.527117	343.918667	128.718580	147.940069	178.943980	257.964274	282.504486	308.967298	252.654349	380.405229	623.143159	362.946298	283.571705	239.329975	277.446977	417.634530	392.166297	390.690629	408.452077	562.079967	461.833916	477.396187	286.465673	220.751007	225.490232	231.240041	349.881295	435.251617	410.555771	345.223688	372.146513	306.454955	365.674804	293.561203	
1381.595828	1109.879357	1198.704185	3430.796673	2832.624216	1326.841056	1591.772492	3211.338170	5183.064064	8275.289181	7805.012962	8704.226126	14785.228918	25295.452863	55867.847360	261886.017684	58523.053696	11903.291551	12148.295230	10948.015782	6187.338825	5569.316351	3467.026826	2598.958729	2965.471511	2742.587703	1891.808554	2648.553509	2468.510777	3232.526701	1874.477530	3818.414708	3198.272706	4212.457240	4715.637032	2860.745851	2532.343790	2039.995700	2685.018864	2765.965319	3134.270145	2740.560483	3266.339867	1496.158070	730.450747	1541.843099	2966.026403	2110.276421	3288.174806	3691.717449	2469.703132	3112.109973	3465.125930	3604.505391	3213.044554	1952.552574	1449.443721	1471.734278	482.723659	1020.778598	763.510430	829.435120	725.228764	552.045399	421.617362	668.945787	757.302463	662.119312	710.469532	664.398001	300.439637	179.100186	144.315748	203.486615	308.161456	685.015586	1364.403971	1338.110764	1122.805006	763.688364	962.035645	774.695894	892.452088	896.251699	657.680753	594.459538	907.871577	856.710540	602.769992	611.707850	502.750142	749.361530	812.450931	653.015533	750.368995	503.970668	268.423384	169.154503	147.113786	167.480089	286.757669	555.774294	362.318652	208.698515	235.218195	324.730995	584.747246	735.710977	539.684214	423.283337	517.804931	627.374018	486.106516	562.014093	384.667981	507.676096	725.874982	733.480191	442.580573	535.226779	562.404143	570.307105	630.218177	477.187523	402.576367	354.063363	115.700791	126.487532	183.249269	246.867332	251.405005	328.439381	279.523747	349.930460	710.388279	406.229835	317.534744	201.244773	277.580440	450.503173	419.511742	416.043393	426.810579	597.325334	570.602606	514.617869	292.035576	247.243391	194.774255	223.329215	332.996293	427.322678	400.814054	275.351666	323.711569	287.182451	360.111911	226.330932	
1355.094837	1216.560507	1271.615869	3046.117267	2741.402536	1387.650363	1569.651429	3215.895628	5325.665801	7032.469725	6609.858913	7582.528541	10856.183297	13656.480249	19930.288635	58523.053696	241702.416044	49561.173466	28192.486522	17262.163276	8629.419297	7322.619971	4706.571661	3088.777028	3522.123247	3487.964784	2299.318884	3133.808770	3144.106687	3840.977854	2378.447770	4345.283021	3648.778806	4281.120064	4717.773424	3213.821895	2864.040353	2349.327223	2976.685673	3068.024179	3383.826229	2694.255701	3476.574527	1700.061430	837.626398	1867.194066	3103.013008	2509.346354	3625.928392	4044.216143	2911.036982	3322.567912	3020.201343	3099.652362	3050.135519	2343.851908	1511.351542	1316.935856	256.966365	831.301023	610.264970	730.308290	705.188051	602.148748	447.105073	696.103660	794.047499	824.475647	699.805436	689.843959	362.856103	244.861498	101.082932	241.080765	307.579429	780.946478	1385.928538	1276.113037	1102.138750	672.805557	972.373305	780.465788	856.892020	934.748417	698.307442	604.694378	877.668050	831.788056	634.926459	686.766886	511.937979	797.551594	728.284201	674.629862	719.680273	569.801368	283.330135	181.940934	187.014917	214.941532	297.346692	584.999240	396.906283	262.230850	301.438140	378.074104	637.338606	712.933429	561.708568	518.969505	510.711535	562.487063	417.215148	531.866179	397.675353	516.219078	673.630851	679.581726	466.478267	593.876830	592.771862	533.467639	553.572350	464.336420	418.593897	377.713506	153.976355	154.303886	196.537296	324.075013	349.939166	354.370130	289.804075	418.714949	667.690191	378.868902	341.660439	271.578444	314.454938	428.240289	466.052905	473.585196	470.348781	468.607986	507.904176	517.360635	305.263250	259.239876	214.128770	253.897888	369.297067	419.682523	395.755344	359.915183	390.349503	282.861365	348.442426	219.057900	
1628.327239	1462.754846	2126.736950	2456.208533	2160.161944	2381.242231	2878.560228	4444.399971	4922.512322	3724.539551	4028.845066	5429.455708	6110.343717	5750.208505	7590.751228	11903.291551	49561.173466	270004.935436	71697.119204	18916.369280	13718.435756	8768.033881	7077.519106	5553.090263	4711.658780	3618.097423	2880.441278	2909.518973	3671.328877	3034.542863	3502.103932	2910.418160	3334.238333	3485.888221	2933.592162	3283.503229	2961.035915	3280.635492	3201.555751	2926.857735	2672.426535	2591.504530	2273.364310	2882.752631	1692.770405	1892.669174	1941.372128	2273.534307	2434.152843	2356.784891	2972.093212	1751.516071	1642.652495	1567.353577	1821.271715	2509.224739	1354.431280	803.944869	210.111940	524.990277	396.698010	659.443909	957.096025	945.760777	816.223738	440.469674	580.919901	1236.440272	709.200253	460.983061	697.442012	450.837020	201.119364	530.161507	744.010123	1126.047269	879.551557	728.341267	685.126576	957.630821	743.173212	791.639227	690.745903	614.268781	808.082284	882.129082	663.235360	629.699609	871.169092	773.378497	921.733157	608.934286	638.244403	640.386450	626.550334	624.332265	491.814787	343.759661	315.387631	412.629919	503.160941	516.923920	527.370449	455.731160	498.720062	618.274562	511.748013	396.398811	566.523166	442.247003	473.203652	343.442668	637.244604	486.112120	590.702260	599.279779	400.352294	564.649477	719.253126	512.403014	499.601205	478.079927	400.321055	517.022299	527.354413	568.797748	364.536300	309.686586	414.794492	335.484599	390.696334	460.815839	470.039629	564.489356	395.382198	563.177168	516.250064	417.994729	428.530384	435.450813	461.346906	358.760158	453.030318	291.204263	244.290914	373.323870	544.657362	351.110783	385.494640	389.153783	443.834182	206.183742	312.339117	385.778332	430.802784	289.548045	333.123842	213.943613	
1154.772397	1038.170510	1393.021860	2363.854674	1932.518925	1438.685068	1725.157142	2926.725842	4189.607324	4949.411146	4749.392327	5661.975509	6706.003338	6934.918197	8204.078837	12148.295230	28192.486522	71697.119204	253650.046724	58945.265836	17446.109597	10762.916970	6789.792574	4309.769268	4309.222661	3797.832244	2516.050345	3013.204803	3264.228738	3477.516536	2634.920460	3510.980956	3251.847255	3627.307455	3595.319845	2961.439272	2640.502011	2404.960618	2827.861870	2656.549841	2819.929675	2229.392437	2672.976796	1941.372676	1043.411808	1761.269704	2353.155174	2341.285270	2930.786638	3430.395829	2603.255404	2251.156246	2336.051010	2444.387620	2328.855361	1979.302415	1111.358939	863.239199	238.082134	613.662812	438.198282	490.692101	545.579239	666.534586	552.672078	433.206022	575.846584	771.698130	578.333670	460.705620	450.909036	289.617247	165.456172	327.396479	492.770462	964.740552	1251.841613	1117.791816	970.086372	854.236367	977.241927	898.330205	918.758761	879.132589	752.262306	698.626558	701.686155	764.017063	660.006066	650.781806	561.665414	687.608360	645.927204	659.948077	645.208915	525.802715	325.301174	245.712576	224.711290	251.096713	366.835517	583.435540	417.535845	286.500909	372.692313	435.520707	584.596145	572.468506	551.379732	439.240038	464.335315	461.279325	536.398489	522.393976	470.247393	535.045805	556.223685	618.191870	539.534078	590.741325	510.583854	511.626464	481.962720	408.702111	451.065249	419.419239	195.808899	231.342118	285.058060	335.151514	327.896355	391.619886	289.635021	407.814259	528.464282	445.533206	305.445025	285.576077	309.260397	404.908146	403.815852	383.934110	451.786606	345.757519	409.065187	415.511662	364.885261	259.896347	266.263802	257.379313	305.226440	292.447212	288.023226	293.725943	328.869781	233.065928	251.315177	146.581882	
1091.594665	947.837907	1004.133422	2366.973595	1956.548657	1012.337533	1171.245375	2234.656489	3905.644181	5384.767426	4934.123362	5381.149052	6324.336650	6986.213506	7806.645047	10948.015782	17262.163276	18916.369280	58945.265836	238516.835137	80064.650476	23052.762995	10001.872810	4886.126542	4744.068676	4217.387091	2541.131517	3474.458714	3244.637496	4138.293556	2324.211877	4083.335075	3435.927987	3890.473186	4121.814805	2862.177025	2343.229902	2080.649004	2572.925116	2599.150181	2864.136263	2435.374090	3066.948905	1628.055165	758.552045	1711.622885	2754.965022	2241.624355	3315.314410	3812.514260	2747.404274	2803.567627	2813.109778	2942.705531	2774.504297	1844.362662	1219.722336	1059.020998	375.014919	682.848918	564.171259	570.766777	613.811813	513.359521	392.470276	514.816486	543.504837	624.756118	556.348508	534.235826	352.711351	252.659309	108.937643	284.727774	362.556335	759.333884	1354.865238	1209.953770	1173.504904	828.430311	1015.184291	909.747435	983.540079	866.776697	727.059009	625.724965	779.482777	730.275356	585.170728	549.458143	490.606059	679.532235	734.563411	656.988537	660.237410	532.839427	247.269780	201.479241	169.268010	218.110165	310.063208	593.563187	379.083426	245.952231	294.371850	363.602407	613.025580	701.103279	552.521124	455.755728	473.800888	587.598086	509.154924	533.495202	370.354938	464.246993	672.724926	590.904796	363.578805	538.670838	544.939070	511.218604	564.922397	445.684752	407.985614	364.363161	171.838602	171.018431	187.135222	335.439363	295.468566	379.606036	272.643037	322.961214	617.122986	357.270501	317.943950	200.332463	283.779124	406.046175	368.416943	357.105611	492.667878	421.807695	420.925757	449.016115	258.922529	209.538203	198.316059	215.280208	321.000728	293.967483	311.767898	279.795506	255.433443	200.706569	244.809084	116.810381	
1282.850878	1309.489834	1811.712691	1967.116882	1869.312045	1910.887601	2122.994261	3333.725919	3805.737937	3326.183201	3296.010905	4275.645228	4761.938881	4291.064132	5091.303639	6187.338825	8629.419297	13718.435756	17446.109597	80064.650476	256748.649647	53166.665821	20021.217309	9091.610575	6841.534608	5171.514427	3622.705694	3633.891695	3927.762068	3641.846305	3602.316397	3451.670516	3354.044452	3338.827569	3176.516502	3379.813026	2767.090779	3005.365259	3005.819340	2771.563313	2562.438528	2643.661333	2480.580989	2717.399770	1685.015818	2100.411147	2216.270822	2404.467722	2717.003396	2797.026578	3067.911242	1937.637160	1839.591863	1720.833169	1878.751710	2189.775431	1145.461504	765.499719	225.373897	602.839208	387.778892	504.593865	770.907389	825.278395	697.983015	393.004302	471.143618	803.886152	566.907116	466.212319	580.985895	477.035255	234.050240	497.031962	689.585221	1072.142359	989.848880	793.205161	794.129823	1130.533991	835.769344	877.859068	651.292403	646.232543	793.180799	846.637798	605.630487	669.024482	784.773700	663.741619	840.204714	713.961993	616.144259	648.816696	600.984042	569.229747	443.578458	407.315290	323.688268	365.884510	443.063581	531.377945	567.852879	468.885174	520.444717	601.653598	523.206835	378.921229	487.332734	401.006416	470.946686	366.328485	612.403837	420.837995	600.180614	538.228846	419.722687	482.243461	549.489801	563.682682	539.890058	459.553380	413.906752	412.878672	563.864251	475.688892	351.913699	328.490470	365.505542	353.594966	383.427952	406.102727	442.513478	485.289555	387.600050	505.335270	432.134550	396.103385	395.216334	412.571963	415.567081	390.316937	413.221420	270.360283	265.966072	313.481402	431.347564	308.520742	355.837124	337.167762	376.642702	228.274615	304.240351	351.075955	377.569852	269.295606	297.046629	158.503991	
1392.869331	1386.719362	1631.267278	2269.374779	2079.324603	1798.850595	2080.281114	3214.712931	3567.213445	3288.708296	3282.061024	3910.413229	4293.620267	4074.163977	4527.713256	5569.316351	7322.619971	8768.033881	10762.916970	23052.762995	53166.665821	265996.589469	64693.449202	15056.594902	9239.350889	6986.177276	4459.250332	4659.258619	4668.966391	4651.397969	3807.003290	3917.086037	3806.919828	3629.679113	3255.152336	3283.311951	3082.250177	2939.619107	3041.792742	2857.088699	2516.436942	2429.623443	2644.207182	2444.886376	1583.639564	2337.266378	2379.926384	2451.711255	2651.884541	2662.033582	2977.491894	2180.289132	1982.764008	1839.933517	2004.329467	2314.718474	1274.127335	958.610764	299.747976	698.622082	478.045585	615.285489	919.762662	799.938977	707.835841	525.427647	602.305251	1075.904917	739.220301	655.129755	629.113948	488.746103	231.288818	533.394866	658.926983	1019.748554	1029.084308	858.191651	805.611220	926.642299	711.094407	817.197502	732.344839	680.145611	757.961212	748.100806	612.748878	628.874017	742.856879	677.256689	741.708583	673.211544	665.552237	659.317939	709.904270	688.841288	560.238430	408.414725	336.664965	415.837104	500.801069	635.920446	523.363493	455.417763	499.075928	580.435632	505.429806	422.210997	452.618742	434.134326	478.924905	406.805691	493.090834	426.420654	509.599742	493.844880	384.076024	467.873104	589.493673	509.999795	450.297036	458.052432	390.885623	384.909291	499.715832	526.520536	338.904858	333.806143	402.194481	468.201496	476.336596	456.850421	488.791017	437.108866	403.799466	444.822296	460.663532	404.486283	449.537992	524.957033	471.333027	376.827981	409.882389	308.250752	305.614771	341.442895	428.368023	377.910530	411.072664	376.308386	401.430435	260.599845	317.746627	365.955491	395.267242	246.739064	332.474260	226.044209	
