297584.750008	107472.707917	26125.285587	14160.183608	11657.728667	10405.021564	8722.809074	6181.995721	3825.699403	5256.261568	5210.147788	4413.375637	5853.989351	5087.313459	5262.467895	6121.122400	5266.761615	5004.008254	4293.359612	3880.321322	3946.955531	3401.840525	2091.357941	2558.609387	2524.579322	2697.971801	2441.101058	1946.578308	1315.778408	1290.432117	2220.195282	2479.832765	2586.675005	3328.063846	3135.471208	3570.997871	3652.666952	3201.862221	2193.277045	2299.138488	3072.807689	3568.571734	4268.516936	6895.730170	3637.729481	6138.381203	3218.470483	1993.046554	1274.653567	1220.985439	1238.709245	1183.535295	1132.680814	1027.551711	996.255072	988.056822	933.319915	772.690174	652.566207	684.841749	684.812753	656.280878	688.280860	707.792444	638.758862	651.530128	698.730501	651.569993	572.539409	522.325166	506.789082	558.174772	679.522532	590.643605	473.903903	491.601048	362.937920	449.761613	445.465262	461.871586	527.378745	410.706499	473.107488	536.052242	1077.042946	812.192755	648.253475	475.401232	463.773285	393.244594	471.929575	466.557448	474.153364	423.221958	481.586318	472.928596	449.304640	341.735644	282.085281	250.667284	254.697359	253.997956	340.928459	307.308327	283.325825	287.324496	267.362521	262.088693	280.713242	220.547448	274.591197	221.295849	241.668911	194.454404	191.721536	236.396450	239.418701	243.208302	272.888581	251.450999	278.859158	308.204238	287.304148	309.544099	252.046280	292.458073	230.275162	233.860170	234.976462	248.555236	304.299165	353.228019	323.844049	353.139295	405.459120	432.651425	398.557689	596.202274	518.107310	374.717249	368.124761	531.144183	462.824713	760.245142	1059.270060	
107472.707917	262267.714080	51227.792148	23328.214326	17713.505522	14352.769538	8659.849799	6506.080091	3195.373293	4701.869268	4687.765771	3731.966091	5427.914808	5834.707760	6518.856593	7916.937139	6210.526782	4339.380030	4405.855811	3727.178574	3935.789169	3035.772887	1501.934360	2166.003679	2412.240716	2634.028796	2229.499594	1631.290449	992.378235	969.781978	1725.938529	2294.984227	2411.765575	3036.067253	3721.620380	4130.933863	4028.156254	2566.044899	1570.519433	1958.157164	3037.361571	2902.457045	3203.730454	7449.812115	5246.170305	8087.915876	2514.898761	1870.017517	1201.855851	1152.133149	1021.692822	952.140768	1002.560994	883.708243	765.467145	845.690895	763.383165	537.006118	603.368636	520.334256	531.500092	588.125095	585.683636	584.319066	519.202582	497.971296	562.932129	565.344405	452.575892	412.966835	420.404970	491.550809	486.294973	470.021659	411.880193	346.371204	360.229628	374.766875	336.727913	348.495700	369.889388	366.361574	453.531627	458.814200	902.649976	613.255422	693.560899	509.669308	377.102201	336.583246	365.688796	386.931051	422.953686	332.870355	387.016696	469.764616	378.768307	295.196019	234.186943	198.178200	177.975613	175.560923	289.705857	230.405476	221.415160	236.774143	214.372275	230.077104	202.724585	178.604966	219.863253	245.927555	152.769808	165.025619	177.467864	207.522920	205.897448	212.594247	227.340439	225.822216	269.757266	226.385001	227.197071	244.630598	180.769587	256.877300	187.116033	164.897018	170.904330	208.382251	265.189199	317.836763	266.521541	270.864957	382.793232	418.274180	406.627907	681.508303	477.421653	309.333559	274.950345	414.415939	337.305445	541.303567	694.673414	
26125.285587	51227.792148	250323.281823	68035.912826	36207.854495	22260.148341	10754.444526	7059.736927	2984.929165	4508.139278	4427.579178	3435.834107	5999.479030	8183.937607	9299.640871	10307.961032	8049.988192	4951.994324	5239.159676	4096.072578	4023.298150	2841.217710	1367.653758	2351.620267	3092.858572	2870.415751	2294.334699	1463.708281	870.347600	905.974474	1763.334300	3064.810463	3382.668620	3396.979948	5287.322915	5376.885764	4854.628381	2421.389547	1629.058027	2740.971296	3510.252323	2487.829215	2344.078779	6082.187049	3857.907703	6557.609343	2278.261410	1951.828027	1709.266679	1654.449653	1301.970113	1149.939465	1035.347763	1090.973732	923.535520	948.372596	915.485008	718.855021	728.109973	553.036460	690.756898	712.685905	802.014594	846.902585	649.105782	467.646714	632.869646	769.542612	602.658054	443.905843	575.550122	572.689397	526.765278	648.357586	677.883256	551.579356	496.554058	534.117748	426.075052	397.100917	425.407450	527.823124	679.540508	621.574394	830.025563	746.068799	884.108286	724.913477	456.835980	407.730176	489.000270	521.445376	445.109403	316.722536	401.676912	510.157842	354.745232	246.430177	214.660227	189.982010	178.151857	178.359365	306.788466	313.654546	363.576937	282.700740	310.209307	270.162374	278.298657	306.762037	335.880176	292.933403	306.406051	212.632096	263.023950	246.870976	249.180372	227.104767	265.080573	235.935216	283.016898	244.951988	200.102556	207.401773	188.881417	255.586957	190.186340	186.700741	213.999491	227.113273	287.741255	293.155655	224.546449	260.302470	445.408903	531.898440	670.289483	599.711526	369.624656	237.247823	183.892352	288.563807	182.007573	252.433510	290.557726	
14160.183608	23328.214326	68035.912826	255468.862407	78310.210847	31571.945801	9179.425874	5449.225479	1787.184686	3644.509106	3693.096998	2376.456312	5224.626942	9678.799339	11886.296851	12670.857146	10001.761948	4112.534318	5050.334259	3863.353905	3626.564372	2277.118634	857.312873	1969.299509	2982.181870	2716.615831	1909.329144	1001.280758	562.514064	487.016584	1184.480516	3220.474348	3270.757064	3159.928463	6079.833053	5802.908508	5188.256381	1712.540795	899.324882	2196.616304	3294.735594	1597.612948	1248.487445	5048.871386	3850.721475	5833.167784	1375.813468	1627.365334	1682.965129	1839.102693	987.419067	1025.979013	883.063170	970.265062	651.828287	867.964414	826.713396	483.410905	711.447893	393.843147	528.673194	766.465490	684.368918	550.826844	466.833716	342.241585	492.250335	763.425572	500.582080	324.440595	474.061138	484.445278	367.092549	644.519182	537.564521	511.759638	501.345670	433.536845	394.189107	274.305350	342.572010	616.936339	716.949235	639.421201	800.498149	627.602341	998.084810	740.725640	360.157692	362.452743	508.765840	520.381179	407.774430	188.364081	289.776920	394.850609	310.879286	150.836238	136.907256	129.652718	126.051510	103.371253	263.239178	266.898788	346.645051	263.069348	350.740550	313.831651	209.948642	305.538074	324.616930	336.358411	241.468462	220.863501	190.337915	205.636195	224.426858	166.881986	232.397869	236.051585	299.590553	226.486034	148.234717	165.299261	110.571663	250.062141	131.240134	138.759310	170.956130	172.793066	285.313625	221.676862	137.441534	220.541543	398.816422	468.028587	667.712306	591.627572	307.030630	166.162303	114.905166	174.454949	146.343424	158.928068	148.911812	
11657.728667	17713.505522	36207.854495	78310.210847	246654.068127	64939.996860	16423.562037	8815.508548	1760.503119	4135.104839	4137.319393	2712.820179	5831.116156	10977.170823	12428.818650	13142.146516	10689.674377	4334.436234	5516.597102	3777.847141	3648.794079	2202.282925	780.652327	1945.518173	3291.000593	2826.103245	1998.250389	1012.047492	523.847074	509.095444	1211.389906	3399.289742	3323.891427	3123.427820	6124.891879	5991.876460	5254.568574	1663.729461	845.765076	2315.063582	3374.370929	1501.431443	1148.342113	4712.828064	3359.681196	5432.198182	1348.108248	1660.494082	1684.796479	1702.882930	1029.362254	1001.568448	790.966757	984.582077	748.273021	878.819480	792.875593	463.805358	773.155886	327.071958	489.091792	828.756815	727.127118	584.148336	458.467444	317.299521	455.237758	795.285554	496.482348	369.501955	467.607119	523.994015	313.499432	661.072507	564.842410	498.587056	525.320122	455.805375	399.023023	267.120447	352.924345	622.997897	754.297035	588.093629	695.875598	627.320858	1054.043231	720.044710	386.173971	370.629837	457.269590	471.435785	409.170996	194.126705	280.118869	416.883855	320.341289	150.309063	121.401991	97.726682	109.318875	89.978857	249.876421	216.011561	356.452383	285.126538	332.752072	242.311390	229.941192	325.765163	345.843369	401.705232	240.956609	240.840652	225.733934	213.384925	223.784524	155.669344	192.780261	233.885902	350.159226	209.226848	119.930604	139.790754	110.526537	267.028524	90.176101	169.881644	156.520004	183.650978	293.632827	227.055409	143.093764	203.451541	347.338127	412.885808	700.683434	581.974136	329.270895	153.998029	112.810099	180.123019	152.763162	157.657260	167.408064	
10405.021564	14352.769538	22260.148341	31571.945801	64939.996860	268638.096557	40452.023757	12131.303440	2076.861475	5134.916058	5212.279400	3530.719469	6828.003906	12116.822012	11644.816651	11777.945232	10234.905963	4935.073341	6044.873412	4361.656760	4073.038990	2625.431490	876.968022	2300.098218	3670.431481	3016.984240	2162.977803	1146.669920	591.978599	540.283148	1395.333764	3982.028489	3798.827281	3675.723576	6357.988709	5868.095971	5564.553737	1887.933270	956.174316	2646.136905	4128.702070	1713.890846	1243.912434	4999.875888	3070.872602	5365.924059	1447.074816	2032.594963	1801.577790	1740.352245	1091.164716	1147.371353	934.646263	1056.464331	776.709760	1014.355990	906.204198	523.688081	881.348231	399.642212	599.352559	858.208175	841.838343	602.128000	430.436157	386.639350	505.726536	920.411503	553.240160	362.139532	544.839946	657.634369	377.975638	767.174927	626.291602	501.127188	640.888194	497.545724	424.430153	321.940400	448.788006	707.034686	785.998740	694.141504	800.364601	749.227467	1036.850658	791.282635	464.011979	417.819810	537.026024	600.399233	425.029402	192.242452	360.029864	461.491463	355.038794	177.635724	146.641071	100.543136	107.822877	80.452160	297.084212	275.890905	415.554818	367.756388	414.678255	351.297490	258.310986	382.138515	414.098693	398.196229	250.058654	266.137229	248.970185	266.626279	225.308712	149.546312	244.840193	301.383225	328.692317	279.833717	145.993329	142.518385	143.954401	282.239461	114.590337	172.749217	173.473340	182.913627	364.465166	255.013211	192.400985	229.355750	428.186769	470.766162	736.828994	709.365934	375.969973	160.994330	131.436691	192.468695	111.982271	127.316978	130.262444	
8722.809074	8659.849799	10754.444526	9179.425874	16423.562037	40452.023757	282540.882831	43796.092278	8461.877480	9947.617081	12565.864786	14680.338875	11078.429711	6404.436688	4419.910174	4106.668435	4151.697306	6733.006658	5310.373707	6103.557578	6053.597637	5595.642968	3859.542845	4338.496808	3918.675343	4102.454131	4015.035267	3573.540256	2224.153154	2187.551160	3917.692724	3257.855269	3366.541414	4458.219519	2642.970967	2902.050928	3422.330357	4808.017910	3792.460830	3372.306525	4323.522430	4842.388896	4274.404719	2906.732954	831.965728	2346.829936	3283.309684	2359.758795	1257.212729	975.930608	1348.597803	1526.205391	1519.951463	1398.739803	1476.913182	1273.929221	1108.835970	1168.665909	839.820750	1055.421698	949.887224	876.911441	917.629930	910.720242	899.453979	903.812538	990.018317	726.787192	864.626109	763.765114	744.711403	784.901680	936.854250	737.146064	584.332368	587.311784	523.238675	593.539790	672.159243	753.581089	789.784270	536.020259	484.695298	618.601309	1034.502437	831.539716	439.004015	442.612471	536.741177	516.003989	481.827256	614.485161	661.203303	717.686287	696.769348	686.425764	669.762424	460.822975	393.424021	408.175644	373.735964	432.204816	502.725630	470.522473	353.483327	414.359598	341.285174	389.684519	396.966346	268.067660	253.516377	219.475175	229.569318	246.877614	309.079259	389.433662	330.550832	421.937123	393.225778	430.222503	377.797421	441.051916	447.670529	399.133804	401.704702	316.972981	326.606761	295.485955	316.559510	435.807662	393.814154	458.194910	514.878034	542.813735	478.943960	452.622199	419.445720	625.407866	681.124137	595.205699	418.626713	432.549741	362.889150	296.714392	274.134748	
6181.995721	6506.080091	7059.736927	5449.225479	8815.508548	12131.303440	43796.092278	385607.198630	8823.939141	12471.323591	11743.991181	10416.695755	18423.592301	8545.674125	4769.923970	4167.651480	3590.265393	4500.515701	4183.137484	4836.131981	5101.794502	4872.703493	1942.507270	3064.207748	2505.818487	2831.250198	2916.969058	2347.385253	1173.940107	779.913158	1454.759442	2605.704453	2190.218913	2838.433507	2095.983785	2058.437801	2956.213959	2464.489565	1649.431054	2047.248976	2847.140918	2683.499902	1778.178380	3087.943146	608.214573	1906.904767	1680.484999	1794.995369	778.476763	882.207577	668.318367	1005.197998	714.826027	1126.491080	1070.153143	835.293701	817.925476	503.508508	518.315495	450.084646	637.502107	541.995312	705.484329	608.026147	457.833962	465.426005	596.213056	424.625143	515.548716	292.644480	366.441026	832.663757	398.538315	619.039475	327.292454	260.876072	554.588370	376.729420	443.237566	428.040392	521.502269	352.517971	139.986176	402.722448	554.256380	461.073258	389.935370	297.052509	314.472379	258.882273	284.026281	176.847342	430.808563	507.671820	443.281798	531.654268	505.217685	256.676552	270.903878	163.827320	242.864342	136.483585	349.256524	145.379746	219.262525	108.740723	93.771436	136.704153	101.970114	241.576540	252.261506	108.910780	64.262465	134.089200	144.445883	147.963850	115.959627	273.685581	172.702617	151.184271	265.903605	341.975665	190.578259	146.925557	162.124179	311.750681	158.119987	203.881353	179.528241	248.663687	281.368912	414.544435	292.353644	405.011895	274.931088	238.583605	389.162031	581.301784	627.881844	499.840996	243.527462	500.425616	233.041468	162.505037	548.673099	
3825.699403	3195.373293	2984.929165	1787.184686	1760.503119	2076.861475	8461.877480	8823.939141	365369.503085	72352.669673	18786.893762	15690.724508	12800.908477	4193.891290	2644.378662	2044.091027	1976.531707	4166.582353	2656.337489	3638.361282	2886.801443	4378.575941	6063.716744	3772.819020	2104.228301	2382.152380	3126.325426	4206.004436	4388.465074	4416.466429	3973.451217	1492.527253	1643.352919	2504.919166	976.972602	1129.041604	1232.543094	3866.418039	4711.777160	2273.983355	1605.860185	4181.339988	5276.505731	1496.363902	321.449198	854.459149	2752.141342	1108.715925	798.789254	513.429601	1127.045367	911.817977	1316.532462	840.413747	1529.243764	848.437525	803.911731	1282.009678	659.035355	1416.171870	851.272281	497.520974	610.725638	899.499480	1220.376070	1267.350337	948.606793	423.400768	805.306370	1110.338927	802.462376	573.139162	1074.370899	448.081059	490.219014	486.563633	344.082203	549.088257	712.106524	1013.585614	721.578244	290.401002	325.692585	377.993816	705.732911	612.739456	241.926857	293.514370	558.224229	373.882625	390.616307	366.752799	495.798538	946.379786	729.578827	530.557596	686.268254	881.032245	842.079621	968.432599	771.536689	1027.563841	558.059025	495.252066	193.258386	339.203047	188.541218	289.313719	372.561280	184.377262	163.962988	131.388653	232.576392	159.452687	259.893022	301.753053	372.513204	573.989564	371.621868	372.590347	188.396310	399.982208	602.878562	669.929714	653.113051	271.323706	658.101463	406.029220	435.481923	527.830532	313.254689	377.854401	601.927534	530.481597	217.095416	378.283480	181.085292	276.867198	406.559942	852.817336	726.077531	547.256870	608.865492	519.050145	447.005923	
5256.261568	4701.869268	4508.139278	3644.509106	4135.104839	5134.916058	9947.617081	12471.323591	72352.669673	275700.056963	65984.738366	17528.804411	12305.502749	6700.996506	4765.985607	3814.915104	3710.189646	4892.300031	4558.199153	5213.783410	5658.068049	5823.578974	4218.018504	4231.862904	3617.427332	3714.989833	3969.167262	4182.399229	3060.737085	2621.694862	3911.730161	2581.283048	2577.273676	3081.661649	2145.249760	2387.313322	2456.087460	3616.806690	3043.286072	2873.213972	3402.125235	3874.423228	3287.082511	2431.527895	684.052465	1707.165044	2361.141426	1749.344667	975.104788	816.332886	1059.391555	1208.462127	1232.151847	1271.542950	1316.426413	1186.114327	1074.442774	990.741042	755.081354	969.965038	878.921159	698.850708	761.274838	825.068482	937.891803	1097.314548	965.598460	694.109962	715.049936	776.052059	715.855932	755.112915	870.821061	606.790827	493.228042	477.313915	418.227601	538.840414	615.906019	708.775220	670.317781	461.546535	432.534824	479.447385	768.844957	622.840686	393.920509	324.407978	446.910162	419.653259	394.787828	492.921938	532.802839	772.675552	744.580047	792.928263	805.997731	738.177139	672.891167	650.399578	671.733651	533.442024	519.673827	373.222625	294.084648	347.955472	283.147207	375.015592	355.273265	217.696367	244.506658	183.736195	227.431551	218.836534	234.149619	328.304635	357.233447	452.451673	404.458920	395.516992	330.481819	441.472732	585.555695	631.217712	494.991852	482.106180	461.020158	461.098807	450.190300	506.900797	470.551293	580.258270	601.145037	512.842530	366.654630	343.193307	360.377660	578.521260	914.514717	866.926963	772.556173	884.277826	592.287353	377.455008	329.275566	
5210.147788	4687.765771	4427.579178	3693.096998	4137.319393	5212.279400	12565.864786	11743.991181	18786.893762	65984.738366	272287.697654	75358.633003	9954.995349	5650.837780	3732.036541	3366.823612	3182.413172	4543.049592	4233.001242	5315.055406	6350.884497	6670.121986	4944.017411	4612.456816	3808.199358	3966.861898	4297.525624	4838.647622	3176.480348	2781.423259	3941.310142	2704.996918	2564.346061	3005.636459	1891.435282	2222.728709	2421.608381	3696.964962	3244.787764	2585.869191	3651.402524	4296.418976	3266.831732	2033.287734	700.295510	1533.476700	2259.423031	1759.248124	874.747846	656.124500	894.951813	1241.802982	1183.034567	1289.763633	1305.581458	1192.360731	1064.175933	915.188896	719.489805	907.759359	883.411997	667.639361	804.991939	742.737549	857.231252	1115.422659	888.442405	643.287388	748.935160	712.172266	705.037711	707.029352	870.124914	598.608769	442.798591	448.217952	406.180806	490.808354	584.269737	705.411436	661.382734	403.990926	405.584739	461.025989	710.440235	583.800048	324.997696	356.941890	389.153632	376.077043	406.185344	418.660474	553.205948	784.610003	765.588986	729.015666	836.973683	707.767820	639.205617	663.730921	695.162175	511.722983	522.664719	404.394458	277.063254	328.220593	265.379307	290.381938	297.908902	211.676338	225.692263	205.092443	184.633025	173.147325	222.892298	301.721028	365.358003	407.096515	403.804202	417.286871	345.264783	392.277275	624.113562	634.215939	524.679588	463.781363	494.493379	454.870088	432.493034	549.876217	438.717783	573.955050	628.557102	575.284207	370.344456	328.617970	304.652117	626.943365	1016.363356	1077.073002	1011.523528	1112.478129	783.904077	434.544206	378.399751	
4413.375637	3731.966091	3435.834107	2376.456312	2712.820179	3530.719469	14680.338875	10416.695755	15690.724508	17528.804411	75358.633003	347838.337565	8912.804065	3280.752400	2274.433929	1851.846976	1895.104872	4257.954421	2868.502610	4262.440827	4348.219381	5780.906740	6631.976531	4596.139050	2828.234009	3088.877339	3744.758052	5044.414970	4281.718253	4017.617221	4269.235348	1726.089403	1798.886159	2583.640016	1088.080155	1301.143605	1556.549398	4235.156792	4490.474608	2337.702367	2281.824318	4714.952203	4618.878462	1501.070503	264.994271	844.488155	2511.315157	1306.460598	733.279628	521.701733	946.764010	1023.773220	1297.410288	981.606476	1495.397415	1006.496249	901.992203	1082.817294	637.859274	1209.764412	805.650818	572.041852	667.324985	824.852856	1002.622481	1209.071138	876.912981	465.296568	669.025146	845.545424	736.095661	606.666785	996.385682	463.605411	451.335212	466.610933	326.677075	450.762504	615.766116	873.821642	702.143768	272.823075	278.070207	318.603831	621.282134	542.744538	264.592177	271.335074	499.376780	388.245225	343.889179	395.393217	528.523339	1017.904068	834.797889	594.768602	736.978517	814.460247	667.522755	892.463115	719.814130	808.810925	530.300806	436.718171	214.405917	339.434648	217.179086	295.296754	354.251419	197.052580	169.820780	161.085572	196.727335	184.489269	254.385557	331.664088	335.842940	448.970261	381.034710	351.016639	223.574216	406.210387	656.983865	702.472726	599.478449	319.909039	566.996206	372.460494	385.177274	486.820823	360.995895	419.847696	659.004061	513.250685	242.436270	326.436291	206.366056	326.280218	651.769334	1048.767036	968.887789	859.085744	820.824828	593.433871	526.716203	
5853.989351	5427.914808	5999.479030	5224.626942	5831.116156	6828.003906	11078.429711	18423.592301	12800.908477	12305.502749	9954.995349	8912.804065	280626.017875	70465.373193	15370.202011	9550.240278	9061.997723	10870.611455	7225.995255	6577.365358	5606.220941	4743.545829	2883.012790	3936.841042	4196.793578	4138.810971	3990.062216	3247.199167	1729.106230	1590.361746	3475.155381	3887.125018	3728.007321	4747.354139	3210.917783	3542.272913	3818.067653	4168.532884	3073.157332	3669.932626	4315.645774	3895.430386	3439.847207	3418.487898	980.345509	2589.816436	2936.432011	2393.180513	1462.123935	1118.137185	1470.284202	1561.675348	1411.072577	1545.234370	1534.590759	1405.576032	1245.863504	1028.518924	921.393308	1003.112271	1007.818855	1018.360840	999.442388	919.061417	907.152007	826.932280	975.238017	946.973742	990.464384	822.445226	831.277957	826.964076	935.396323	915.483966	642.999234	640.253614	585.592880	746.986979	708.548645	755.093646	747.181348	660.799167	651.835984	662.070275	945.924831	828.810592	535.400835	522.149860	561.635157	496.096226	557.844302	600.012424	618.668915	602.349801	557.045379	658.953966	578.531342	418.829604	336.679441	349.639871	346.755200	318.927171	494.439493	425.263944	362.766085	394.363831	287.361518	409.679284	380.462186	294.612610	307.643369	251.400525	260.870441	256.154715	313.881074	328.297679	369.663563	377.040842	350.539055	412.158727	347.461363	383.805885	331.200294	347.086445	287.934257	310.180675	302.061465	289.405879	298.748841	388.435888	364.497390	361.587085	345.567013	454.298153	387.938686	313.344340	371.714088	545.775016	534.135406	409.048785	354.971016	305.532875	255.982106	223.127573	238.215242	
5087.313459	5834.707760	8183.937607	9678.799339	10977.170823	12116.822012	6404.436688	8545.674125	4193.891290	6700.996506	5650.837780	3280.752400	70465.373193	234144.618487	59878.826688	26559.745191	20937.573044	10907.012460	8968.049961	6023.611119	4957.854142	3221.859795	1381.217617	3035.848188	4559.666452	3933.783013	2989.695422	1769.493271	979.909333	880.165914	2219.575702	4950.815326	4941.457004	4490.920563	6244.083191	6053.277700	5630.430181	2534.530542	1622.364193	3642.146277	4712.712352	2269.004085	1628.826359	4284.793264	1978.238195	3869.220551	1849.150574	2184.685250	2093.300204	2062.664042	1385.147653	1611.195995	1235.735111	1511.989962	1144.283021	1475.997710	1114.920077	746.567659	1084.556064	632.620553	868.564802	1375.029114	1102.737248	907.730028	675.422394	590.387309	756.289116	1254.834766	790.020018	527.170673	760.407742	946.662299	607.877326	1052.941024	799.848853	776.384938	853.994695	715.502282	649.941609	505.374284	651.826786	1014.720169	998.835676	796.500625	865.313938	901.043407	1004.821915	855.063279	526.758431	587.311204	677.610934	665.796178	578.002931	289.995431	363.330787	592.876542	389.895415	234.801295	170.617629	144.869634	166.871524	121.760205	350.527422	359.367881	504.305065	409.829981	506.291242	354.818587	339.538152	436.083345	499.326142	472.904988	316.658956	377.797264	295.983485	286.348128	313.422085	244.454785	297.310913	327.001704	442.520211	320.338732	170.462090	196.613600	143.363576	269.972040	171.644465	200.044489	197.073538	234.548212	328.085496	300.001113	216.802916	259.996323	436.543184	448.787324	617.059215	576.234847	356.656804	203.218690	136.634006	180.891215	123.928937	117.603055	124.109258	
5262.467895	6518.856593	9299.640871	11886.296851	12428.818650	11644.816651	4419.910174	4769.923970	2644.378662	4765.985607	3732.036541	2274.433929	15370.202011	59878.826688	254265.683119	64828.702884	32299.019167	11684.125519	8992.097975	5474.110283	4607.576518	2759.218157	1141.674928	2588.554931	4195.869833	3506.006387	2748.996464	1510.136558	821.263355	748.933271	1833.794726	4511.017195	4506.486576	3887.278946	7297.921905	6458.812844	5768.588161	2010.223700	1278.126310	3457.652239	3849.929696	1819.640276	1454.726920	4726.386296	2531.207498	4769.310888	1618.683947	1953.126872	2222.539815	2256.807661	1438.431184	1452.572296	1158.855868	1417.801021	1033.704128	1233.967523	1160.441479	667.148883	1137.366485	580.180038	836.126426	1215.769843	1107.165167	823.997850	597.592780	505.623097	668.586992	1266.849385	740.750109	493.121331	702.894736	788.999669	515.434965	959.709149	857.781193	741.887031	910.754375	691.781914	584.130439	427.530321	582.044862	890.247520	943.383486	863.204067	849.266445	809.696243	1174.849654	882.228579	523.496067	470.134142	623.790838	608.861020	444.149395	222.081838	364.768562	423.839595	340.146394	178.439824	162.125014	163.864529	140.123778	105.117612	308.633089	350.640709	506.618134	393.406840	500.227910	342.904733	311.043316	419.121548	460.155866	455.314402	326.399826	361.457224	304.942256	275.702115	273.759779	181.602429	278.627164	255.963412	394.020736	271.701940	150.213982	171.526529	150.660221	294.866653	145.817495	196.696181	203.766259	191.685043	354.485590	223.493139	176.972887	234.685041	347.509555	371.590447	618.383642	466.346653	268.517039	117.010632	115.169159	134.251668	97.866583	135.259491	133.041870	
6121.122400	7916.937139	10307.961032	12670.857146	13142.146516	11777.945232	4106.668435	4167.651480	2044.091027	3814.915104	3366.823612	1851.846976	9550.240278	26559.745191	64828.702884	245478.592620	70870.562224	16380.320024	11357.392282	6442.329226	5260.600952	3098.444218	1184.774070	2575.392027	4193.099346	3572.754378	2640.229299	1498.751979	818.232357	794.434259	1731.012371	4607.872786	4337.449328	4127.867237	7331.002023	6879.196959	6143.027759	2110.916670	1151.422116	2953.780941	3789.744000	1755.496742	1380.768637	5430.390206	3367.836999	5727.320749	1621.409079	1924.154403	2104.297500	2323.267979	1286.264706	1334.072882	1149.392085	1315.507409	886.719376	1209.119939	1039.888835	632.906723	1139.125052	555.731183	731.647254	1092.022841	939.049060	820.979679	622.177645	466.110997	669.164652	1106.188514	657.534502	441.068158	595.715927	707.990189	452.306059	870.427689	709.712124	629.669710	740.041458	604.609344	486.405938	352.106579	514.336579	805.192009	888.800810	747.173723	895.720232	788.290276	1209.814758	806.611302	464.629088	450.724295	595.820787	601.044965	442.183160	210.607738	316.260970	494.694380	328.903918	169.688387	174.395422	122.116758	142.238558	86.163112	266.976756	264.464521	470.301519	318.431344	407.733409	310.064618	255.171205	374.841603	435.551691	367.251956	304.514720	242.735680	284.556031	236.340298	228.438572	153.564219	252.210410	256.241595	393.262582	224.562159	130.782531	138.574045	140.269115	266.958883	113.653140	170.065027	180.418322	203.006455	337.069558	215.810293	167.072138	211.099898	344.660752	406.491508	695.849251	534.593254	296.095957	139.717910	102.648168	151.386716	107.947692	139.877614	103.572985	
5266.761615	6210.526782	8049.988192	10001.761948	10689.674377	10234.905963	4151.697306	3590.265393	1976.531707	3710.189646	3182.413172	1895.104872	9061.997723	20937.573044	32299.019167	70870.562224	249600.696451	43143.776465	17881.086338	8526.405859	6152.225160	3612.256694	1585.147232	3288.500491	4805.477383	3971.160514	3089.378928	1743.794157	991.216062	908.040310	2123.288410	5109.324303	4806.516742	4519.444843	7202.383590	6496.381082	6170.599673	2373.102723	1445.110677	3436.598161	4246.224100	1990.522162	1725.061198	4899.273961	2724.838739	4792.110122	1897.805975	2090.213530	2065.328868	2219.866512	1461.455813	1548.840894	1242.356896	1406.020456	1068.002531	1273.629138	1039.552143	712.100804	1216.760666	581.720509	797.668592	1262.072799	1109.667561	847.088119	655.584489	562.140925	747.068475	1275.280837	769.624327	552.130758	721.827450	802.290068	597.840175	1024.181712	840.251279	744.295415	931.721266	706.443336	555.026144	393.975790	580.519143	978.921567	1028.569376	848.918283	905.374827	861.351702	1169.772533	918.278596	544.081402	515.821456	620.878931	644.311204	524.442597	253.325794	383.663082	552.100549	326.660696	203.586255	164.855948	143.507056	133.359871	136.634161	314.416731	335.792230	461.942152	379.590733	429.909631	383.193924	311.961417	474.662125	503.195004	425.274896	305.823525	394.446803	250.792975	260.512074	251.061007	205.883852	273.532448	300.443160	448.076150	286.145750	184.935136	186.603739	134.596460	269.006930	132.305795	150.456458	190.120925	205.900233	303.120596	240.879973	163.083247	243.020430	341.148752	415.902429	646.169277	504.363853	295.523859	159.017749	135.846602	147.506328	112.122597	117.561680	112.166083	
5004.008254	4339.380030	4951.994324	4112.534318	4334.436234	4935.073341	6733.006658	4500.515701	4166.582353	4892.300031	4543.049592	4257.954421	10870.611455	10907.012460	11684.125519	16380.320024	43143.776465	255008.969490	57352.055842	17725.518367	9681.119043	7346.367138	4687.622187	5820.185983	6085.381917	5904.660795	5275.866221	4076.957607	2267.643381	1949.177150	4667.846104	5037.215115	4947.014102	5956.902673	4226.378855	4203.952361	4302.475929	4426.565275	4035.546924	4550.786407	4375.676314	3978.000462	4035.067524	3541.422932	942.734048	2647.522628	4138.017888	2495.534206	1886.654550	1521.637896	1771.361067	1865.613389	1760.564710	1689.834702	1735.175520	1579.981718	1278.530403	1301.786715	1157.426647	1116.549487	1269.123390	1301.733575	1322.681688	1135.722463	1019.790701	1062.029411	1230.191546	1091.239471	1026.888840	928.785196	962.685542	946.595179	1095.226582	1066.700142	898.139290	920.658139	835.937514	908.769915	750.093096	761.577537	963.928357	795.989798	769.539607	869.188752	1081.796294	1067.959331	712.429247	729.667822	736.312897	718.201967	705.132438	686.446012	713.025785	617.677300	561.606976	690.379238	610.845326	400.377974	365.877334	380.899110	367.667339	359.583580	500.386854	503.193344	475.224386	545.282584	434.806106	532.243385	517.358704	458.308841	384.852093	361.944310	355.799493	343.462063	360.882684	407.183352	373.793489	384.944540	446.257143	435.904646	398.179997	415.964773	438.922868	346.565197	316.245684	305.080217	342.705502	269.596071	299.787904	344.599935	381.422380	392.968825	329.492977	405.726081	334.874209	375.028397	454.957503	456.062857	403.838492	342.238059	272.704744	313.730336	281.012897	220.931449	220.145911	
4293.359612	4405.855811	5239.159676	5050.334259	5516.597102	6044.873412	5310.373707	4183.137484	2656.337489	4558.199153	4233.001242	2868.502610	7225.995255	8968.049961	8992.097975	11357.392282	17881.086338	57352.055842	248868.769519	60277.195254	19922.167687	10473.501691	4010.159645	6450.737263	8413.794098	6881.190359	5372.671501	3557.513351	1621.750382	1390.440935	3331.981926	5806.016216	5322.513827	5335.299100	5319.227528	5214.102514	5248.498952	3477.449271	2231.457986	4108.149070	5149.085577	3075.943730	2267.054873	3448.436153	1321.803949	3019.904687	2307.250551	2428.609172	1810.705063	1659.167288	1423.458946	1777.764037	1357.318715	1618.499004	1322.190306	1657.119703	1257.550289	936.883980	1260.013644	738.089444	996.657899	1373.413423	1230.412234	937.173603	787.243951	708.597581	939.896529	1330.987108	961.757088	697.143323	872.942876	1023.957264	774.076819	1057.212365	738.646479	745.029951	793.849568	773.743153	636.003360	550.988264	785.669089	811.782602	832.231799	766.462783	786.220697	844.658800	751.129441	678.676321	518.047139	571.272232	639.814637	634.397401	624.170575	422.577716	569.681213	704.678658	594.091573	310.199651	254.229750	251.623124	292.661428	205.347680	453.536900	387.845099	497.458489	394.247166	470.282362	452.494985	340.933574	488.948698	408.158753	400.553398	308.860309	337.642984	336.857520	343.206484	413.877256	332.588512	440.286766	392.799630	481.563100	363.977205	290.276293	309.656992	261.711714	451.675334	195.772644	304.858107	344.203857	342.085839	544.457496	414.842013	348.632525	432.078638	520.196454	405.495512	559.765523	775.216426	582.931008	358.611925	275.649327	348.891023	215.244647	159.603191	160.516095	
3880.321322	3727.178574	4096.072578	3863.353905	3777.847141	4361.656760	6103.557578	4836.131981	3638.361282	5213.783410	5315.055406	4262.440827	6577.365358	6023.611119	5474.110283	6442.329226	8526.405859	17725.518367	60277.195254	259762.805724	50351.638491	19585.723306	7950.930472	9391.313944	9668.830664	8008.352059	6842.656576	5324.396343	2484.928854	2067.771425	4274.409044	4975.128346	4457.091825	5074.260618	4041.668411	4156.608158	4239.481911	4204.655591	2803.829677	3618.389340	5031.878144	4005.324335	2824.789163	2729.807594	960.761082	2294.747142	2505.707420	2399.638658	1349.631960	1095.190473	1239.504943	1748.254116	1432.355292	1717.801932	1522.410947	1673.356603	1350.295329	1026.810661	1098.117207	1002.879038	1053.719832	1167.682230	1059.063064	946.548060	888.356866	952.708290	1031.385506	1162.316033	1041.441559	798.828619	929.799091	1076.163026	942.364854	947.061789	669.478654	607.860841	580.728620	662.706989	712.101454	767.457367	730.195647	689.268867	629.431267	627.680200	795.638229	736.932858	531.743406	508.647461	537.823857	499.423496	488.579866	623.600508	700.170806	585.668457	698.847999	818.095523	775.497777	467.712181	339.097836	414.927563	415.356788	337.579819	492.434280	406.856523	428.951854	405.759159	410.551921	370.334732	327.225749	341.254749	325.420138	325.114972	291.346479	270.186517	288.899023	362.557345	443.080750	399.854936	487.924764	495.498209	497.203722	447.471935	403.764247	436.245155	396.246286	459.494820	329.670752	451.390453	399.426875	451.564803	557.502407	589.520367	505.449966	507.470698	515.741894	393.692620	504.616427	769.041350	883.608584	584.405893	463.440765	477.011975	334.788130	225.370234	212.178780	
3946.955531	3935.789169	4023.298150	3626.564372	3648.794079	4073.038990	6053.597637	5101.794502	2886.801443	5658.068049	6350.884497	4348.219381	5606.220941	4957.854142	4607.576518	5260.600952	6152.225160	9681.119043	19922.167687	50351.638491	239472.109465	83782.687650	12647.544551	12908.689156	12564.811928	9984.816761	8184.624512	6278.327553	2416.796151	1895.608060	4098.545690	5043.700817	4547.559974	4717.234772	4172.095797	4185.062228	4354.799939	3985.318425	2368.726286	3057.401516	5772.020657	3967.154367	2338.457112	2534.149358	1006.641152	2425.862576	2067.204627	2517.905720	1283.051516	1031.606741	1003.699195	1561.352818	1336.550105	1772.557632	1430.263528	1642.627406	1278.818686	851.460878	944.879773	778.854447	925.136395	1079.736284	994.828536	791.062331	810.306008	833.312062	990.210004	1131.661273	940.117037	718.423668	853.477523	1021.335133	824.136492	870.671124	501.013223	486.001579	520.052103	534.442031	589.176923	664.546814	604.902812	493.390621	502.409777	499.344794	638.146962	607.355362	460.433776	435.829684	376.213332	384.691324	484.391926	532.366883	601.934207	510.686482	676.247670	922.740287	829.563440	417.123122	329.629069	388.299636	417.250780	274.997328	461.359680	326.921851	402.341299	352.123292	396.994092	313.806847	266.910666	286.832741	270.993739	250.790378	203.469858	189.362286	224.516851	290.143036	430.572744	353.741060	450.058391	433.354472	507.060898	446.234219	456.370638	450.096456	362.388343	554.294902	331.392538	481.706499	452.158650	530.103595	587.170370	771.450903	622.015059	542.242580	590.821868	327.154000	483.069462	1028.646760	1389.354487	774.820669	703.888317	943.639662	411.694179	268.958136	242.278445	
3401.840525	3035.772887	2841.217710	2277.118634	2202.282925	2625.431490	5595.642968	4872.703493	4378.575941	5823.578974	6670.121986	5780.906740	4743.545829	3221.859795	2759.218157	3098.444218	3612.256694	7346.367138	10473.501691	19585.723306	83782.687650	257403.723875	47188.000455	18202.079599	11179.973417	9211.430867	8661.186076	8438.705949	4181.180415	3331.375133	4942.604197	3769.199493	3498.256573	4117.048948	2789.401235	2807.188572	3062.959725	4672.627888	3552.868383	2892.888923	4221.928354	4663.151791	3451.296799	1967.896063	594.268508	1585.669330	2496.211257	2010.534958	1020.263656	787.761390	1010.821755	1481.390373	1463.539662	1550.097838	1550.599593	1386.801787	1135.185854	996.079848	798.012126	1066.571508	922.529684	862.764476	892.967073	806.874634	945.505745	1108.832026	1056.519682	875.913551	909.363317	890.795271	810.469446	904.341520	997.022432	715.129475	473.735229	482.754375	432.958749	527.039669	637.308267	767.063833	680.771272	430.935034	380.020686	412.749879	600.553066	558.860231	351.868741	348.509366	362.254537	388.904826	408.701988	440.816767	599.506836	702.475935	741.221644	785.941822	848.304728	609.165841	491.375883	619.365010	562.902868	500.077809	522.674863	389.820131	277.531629	320.553088	283.193116	311.460007	289.555467	229.906468	213.666986	185.014396	183.015543	171.956662	229.021681	313.785024	376.982427	422.152663	438.018611	421.331136	423.169782	476.900815	604.471939	625.030633	518.422093	514.016531	450.315982	466.324196	467.183272	610.165804	502.348810	711.886960	680.366642	606.368351	452.891888	304.636305	349.992472	697.057547	1242.157370	1023.239105	993.684483	1078.167482	733.549614	438.446214	370.501800	
2091.357941	1501.934360	1367.653758	857.312873	780.652327	876.968022	3859.542845	1942.507270	6063.716744	4218.018504	4944.017411	6631.976531	2883.012790	1381.217617	1141.674928	1184.774070	1585.147232	4687.622187	4010.159645	7950.930472	12647.544551	47188.000455	337122.756610	58798.429811	9602.195922	7559.140233	8509.069128	11024.191306	8786.568297	6633.345172	6313.846341	2114.182953	1991.223807	2961.776858	1218.878080	1282.355466	1405.056531	4457.712418	5649.320177	1950.807835	1777.509724	4617.612372	4913.393975	1048.145868	164.085404	647.143888	2504.397874	1124.912508	679.420745	492.281387	1014.282111	981.114382	1414.213279	957.495047	1661.408533	989.806660	939.112211	1257.974125	676.718996	1513.633767	981.668690	599.419084	668.584739	882.141463	1252.799126	1553.268289	1080.181056	416.402921	801.499566	1157.262092	768.905113	670.131545	1182.074767	492.582670	478.055937	399.687151	286.767860	546.892306	711.560298	988.616864	707.181892	284.252413	226.594586	313.869998	514.065126	486.807550	211.457766	262.184617	471.327878	335.240653	346.516209	323.369452	500.769492	1186.993328	831.811365	534.260772	792.322166	934.189799	896.214245	1099.417246	919.106336	1129.172053	617.685145	422.713636	206.566395	298.252388	191.139347	294.223104	353.805453	167.587780	150.154504	128.411003	188.779172	151.733464	220.823843	331.910760	341.341362	532.625101	420.807781	398.804362	210.779947	422.340799	851.197309	845.608216	753.269021	333.304020	699.116267	389.099111	431.865425	569.601437	317.971415	415.590579	594.167406	530.350384	229.257319	332.158207	176.925822	270.879226	550.521664	1158.695237	1108.980687	965.496544	1245.532800	901.986952	536.767298	
2558.609387	2166.003679	2351.620267	1969.299509	1945.518173	2300.098218	4338.496808	3064.207748	3772.819020	4231.862904	4612.456816	4596.139050	3936.841042	3035.848188	2588.554931	2575.392027	3288.500491	5820.185983	6450.737263	9391.313944	12908.689156	18202.079599	58798.429811	263013.440791	60627.567735	19815.891160	15707.135910	11827.003798	5391.726120	4174.208447	6191.991655	4842.914953	4458.290855	4621.307349	3042.609714	2991.958037	3070.931275	4244.921009	3680.972537	3208.601486	3629.804749	4128.820068	3200.611174	1950.318871	532.532113	1396.255687	2278.334332	1996.999848	1237.925290	972.290923	1250.530249	1588.225749	1506.982961	1751.460768	1776.630209	1637.534532	1339.289557	1259.087920	1097.221654	1273.627899	1179.980946	1052.903817	1075.572429	1098.473899	1112.601943	1292.090471	1286.212878	974.648645	1127.959619	1072.785514	1005.031443	1001.048102	1116.963271	884.045877	675.984981	667.444287	607.761806	671.942471	775.327641	936.700870	807.326705	607.284434	502.604955	610.815197	641.737034	648.366913	418.403737	405.333712	560.516382	498.965216	492.200158	532.896253	711.947250	810.347098	834.715515	871.406281	899.326233	650.132930	563.721459	704.866738	649.668249	570.010312	625.494277	490.147575	417.794422	423.806815	341.207681	382.397524	385.244236	315.508468	280.289805	267.499439	247.716729	255.010569	278.895245	388.656430	460.446633	489.074688	487.302850	505.419735	401.129218	509.406819	567.048247	619.348263	542.683941	534.395739	546.810878	510.805973	505.249898	581.768855	490.474600	592.365068	606.361475	575.188469	409.253038	311.987139	347.374851	510.169999	793.264757	834.791480	777.438354	845.014656	650.288421	395.438415	307.977555	
