281267.121326	41092.239600	6626.395100	5043.256571	2227.848494	2832.966562	2972.327245	3244.235432	2448.327648	2308.761677	2853.754508	2240.183158	1605.216414	1335.076709	1215.098841	1321.432435	1743.352900	2500.515714	2260.657599	2088.727936	1364.814576	912.261409	874.725968	1192.407203	1168.923421	914.098476	1432.883213	1514.175282	1036.066583	1414.461770	1341.083075	1368.767614	1043.065562	908.704921	933.691987	905.944820	721.295918	942.516758	1041.885506	865.241627	725.168865	756.715598	778.024039	736.973900	735.217621	677.420500	798.794611	724.152456	792.061582	359.646974	361.961179	670.458617	531.114008	541.759932	701.336345	690.498601	634.493019	508.346135	575.899849	574.285697	591.705136	646.040512	631.193862	751.708859	727.593127	1385.508880	707.150017	846.622208	861.305953	685.975926	786.684500	797.507987	637.187591	575.467719	613.994498	679.916926	700.377703	798.962828	863.644279	932.928343	754.257878	982.662900	946.319129	905.913738	1174.476734	946.163189	630.038911	638.740745	1019.166914	626.485295	601.291432	919.128690	1016.138545	778.139402	843.906912	989.217888	1402.013202	1410.090394	1410.674349	1119.643369	826.876455	782.886485	932.041711	1160.459977	1326.823741	1402.708646	1280.890968	1551.022300	1438.898276	1356.556340	1545.775877	1380.804330	1918.392665	2171.144340	
41092.239600	222674.422888	63276.752997	14237.774635	6919.888196	4855.330922	4674.348000	4244.895442	4091.639948	2951.412650	2083.510484	2375.278314	2034.788312	1845.757547	1529.916269	2018.153590	1952.881216	1188.397049	684.260593	1087.380397	1835.040038	1903.145880	1634.148822	1218.354048	799.109483	1560.247963	1563.287089	1091.671290	1420.235447	1177.965285	935.153641	820.883785	1010.203772	1017.295694	1212.815272	1528.288151	1733.513698	1566.287907	1296.488399	900.873744	283.301859	262.904855	346.080241	277.332721	145.083304	169.250548	220.725098	254.505615	224.983043	80.116562	52.173702	119.173936	134.677056	140.018450	167.242504	433.227396	179.969653	113.343469	99.689582	109.738497	203.421556	374.658360	324.426217	210.664850	538.746098	468.398091	989.934382	1365.148868	650.835297	380.181595	340.789607	424.316951	585.829472	861.698688	834.660173	690.575834	824.498636	836.240129	743.935270	788.734865	1005.138904	409.120974	373.737116	753.561395	501.824784	761.280916	1093.351651	1260.190340	682.616050	871.711112	862.928691	715.100091	1113.379140	1415.436581	1382.440878	1820.570033	1216.804692	899.627017	731.696751	497.874196	504.401007	533.552802	343.925972	289.329559	905.543208	760.410684	1329.228828	904.679923	572.633417	253.381036	724.705946	665.172295	1141.814233	1817.627832	
6626.395100	63276.752997	221665.588728	55959.758167	14587.791527	7279.369288	5884.776568	5021.257254	4689.184207	2946.719712	1749.404340	2168.119485	1987.477173	1899.700840	1432.083428	1937.209175	1422.764754	673.286838	428.529785	622.190182	1491.829811	1858.167632	1586.129572	1086.586765	706.022172	1424.268887	1359.078636	882.611993	1287.387790	951.969474	720.330398	623.457407	893.495522	1005.383214	1152.905748	1468.127655	1837.981663	1415.203953	1041.035252	602.733747	174.789506	145.728910	195.003090	159.438052	103.962437	87.113415	148.618504	105.959815	120.276740	62.378927	40.622556	86.161290	64.277068	57.851886	69.597871	241.583274	110.897551	60.070801	52.921719	67.851499	133.742195	192.076523	211.111038	111.272632	319.694120	222.062989	650.784354	940.654423	376.425812	231.669706	211.065525	277.866835	387.479492	728.857427	695.540262	526.403740	733.539854	686.525762	604.818047	625.811375	730.199762	221.863064	224.857854	470.174271	323.063445	517.864986	1036.191017	1331.809746	514.472272	814.319564	894.965575	589.789871	916.820771	1286.947339	1260.673939	1568.585914	839.586192	575.290710	430.242682	284.759161	321.086448	346.187793	208.158273	183.786340	517.630592	448.528321	822.770621	499.577917	285.209244	98.641508	384.633013	363.917771	559.316591	862.575682	
5043.256571	14237.774635	55959.758167	213608.658015	59862.107272	15146.351595	9562.095443	7274.507718	5645.092300	3451.227059	2475.023634	2676.972371	2138.619062	1756.614375	1310.467842	1798.355332	1423.296788	711.286718	466.465793	619.725954	1309.195086	1553.036063	1534.093978	983.530226	605.334992	1224.651529	1374.776304	1047.840351	1252.620589	1015.877939	777.272178	749.009094	894.333132	978.540987	1144.543319	1508.324180	1528.451622	1394.821779	1025.374431	502.950535	156.554362	142.046569	198.139484	134.268911	125.587139	103.775657	121.067445	133.917111	148.576895	52.590849	44.033580	68.650157	83.791353	70.606404	93.017989	219.695101	129.821242	93.660176	87.414078	72.640892	113.644123	188.040116	197.220565	140.966910	302.582227	227.336595	604.117623	839.972777	363.617269	205.235627	168.934900	231.727015	397.816093	638.801129	677.730684	614.079873	692.499017	679.938138	602.371057	650.815598	691.696518	277.477875	264.448722	420.325144	311.280597	513.138581	890.014784	1117.169867	677.207815	824.187226	805.616008	736.432744	923.334223	1183.456403	1238.934354	1315.501730	791.933767	589.459843	474.252804	303.160069	236.949601	302.641517	156.219962	189.510134	424.155575	379.348772	677.221438	413.118814	270.922825	123.330686	276.319791	259.603403	403.399905	558.772644	
2227.848494	6919.888196	14587.791527	59862.107272	217952.881409	71633.292600	14193.658086	7139.542697	5676.737578	3045.851677	1807.331736	2100.352907	1820.702047	1806.309025	1411.325034	1527.718418	1122.574001	602.745419	397.595774	520.298856	1132.679339	1482.787713	1360.806074	908.538392	673.969850	1185.522593	1056.004405	681.308876	1062.881952	810.484612	583.275479	499.187129	686.414021	873.754636	912.834787	1100.451124	1326.534893	996.116194	688.956229	423.924473	117.798354	162.165877	180.547928	149.903882	98.088899	73.702790	109.132408	137.733959	123.200977	41.075691	35.665881	56.736059	61.966878	49.664194	78.846054	163.647183	83.716626	42.192875	45.358034	45.230903	97.082229	146.094345	141.028493	86.840347	227.694928	166.847061	528.866050	597.162514	308.685839	191.833999	169.624005	211.994683	270.433905	517.574562	498.179766	467.124970	515.381109	453.118883	424.645386	414.812345	493.987785	157.381471	142.259390	373.559131	276.003714	344.612710	734.582139	969.835534	388.566549	670.464985	631.563844	433.828440	614.028956	899.538104	838.522183	1015.815725	586.264771	371.224296	303.422283	217.224823	203.690887	273.210536	142.350177	150.981180	316.943738	311.758241	519.497343	301.656641	177.852073	94.853631	225.417504	248.875419	353.225798	532.695475	
2832.966562	4855.330922	7279.369288	15146.351595	71633.292600	205247.288846	57760.548687	13646.891614	7957.646655	4104.356544	2546.690344	2641.956257	2458.602273	2525.188586	1970.468981	1991.304935	1339.338632	776.842374	647.047057	751.149507	1129.402292	1510.238035	1507.084206	1644.921982	1465.696156	1639.753305	1157.103734	822.434848	1143.281026	920.172802	654.714115	527.532510	847.989475	930.622807	997.705318	1200.714158	1268.226805	906.706339	795.500964	534.996145	216.409081	187.521554	294.268649	197.189220	157.866051	138.525800	185.687711	216.145092	184.405593	104.380991	104.228704	100.554151	88.857730	92.933495	80.145011	231.749999	129.493646	62.382525	65.222117	49.340166	104.320569	165.917998	181.032947	109.419269	295.409400	241.054704	582.987479	626.079706	354.698007	340.995211	300.984883	330.926788	359.695436	549.466930	560.059442	626.662612	699.793097	528.090557	454.996587	483.350537	535.845449	218.981170	225.757833	516.380630	533.920140	486.085335	701.252866	886.377342	488.964995	692.427274	649.472135	550.750365	699.798757	1020.660375	926.344256	938.479002	610.821330	481.692963	380.853258	340.787312	395.873123	441.734967	264.185683	210.060056	366.352514	344.692082	481.186991	331.395570	234.746925	144.624459	357.963408	423.295708	507.917391	519.725580	
2972.327245	4674.348000	5884.776568	9562.095443	14193.658086	57760.548687	202448.472726	55519.479345	17754.584761	7884.798247	4488.946684	4774.056486	3441.866089	2643.700405	2035.661547	2243.364201	1936.634071	1028.221042	646.922517	815.216503	1408.432029	1594.974527	1671.078717	1273.823535	792.690136	1355.242254	1465.804140	1070.518064	1298.451478	1196.806581	927.463247	847.549976	984.137501	1129.707863	1194.052433	1418.542273	1308.589819	1258.070112	1092.945166	516.821837	162.930405	151.121718	226.330837	189.744915	99.052759	133.819952	168.689423	142.101665	186.738028	36.599397	76.269914	83.996003	82.820898	60.343573	90.627234	236.982249	124.538652	80.999780	81.618716	62.516919	141.369843	213.098781	233.511572	174.097736	364.744019	289.645444	591.672179	752.972508	431.404096	235.005297	193.947077	281.539326	489.872462	647.753632	703.677796	698.012878	728.741896	709.203221	655.131770	654.059579	762.591974	293.794509	315.080267	501.217530	379.865912	543.776633	861.744032	1005.106038	796.706374	829.251231	876.994428	807.316382	1008.592945	1131.161367	1105.625547	1145.825131	756.830007	609.435472	548.905254	351.461898	277.902576	302.166114	169.880181	215.917034	414.944101	412.874526	585.041843	373.750750	213.816696	130.082369	291.955792	324.946153	436.787176	446.051056	
3244.235432	4244.895442	5021.257254	7274.507718	7139.542697	13646.891614	55519.479345	196987.825808	56976.532555	14858.908013	8547.872384	7478.036453	4189.112250	2852.722697	2187.920918	2505.871454	2127.295179	1244.582970	765.642983	950.786251	1490.768173	1543.379384	1550.377292	1099.753126	661.014226	1163.718048	1699.229957	1521.678953	1311.681132	1396.909433	1299.720157	1287.708994	1177.177230	1303.122757	1374.934807	1569.755929	1294.516483	1359.716470	1195.832460	468.879619	170.204666	187.769358	239.531656	205.696052	161.653804	138.007208	181.702180	175.944555	197.157095	110.772196	86.564806	108.280321	119.365130	93.753465	115.883701	231.372085	179.630824	102.406500	119.337311	99.962376	172.545018	269.466042	302.519897	252.729515	403.705792	357.937914	568.940162	844.391100	341.127020	207.973683	205.186518	279.499495	477.149301	627.103818	805.676685	735.364366	775.684130	748.140605	794.967984	793.345120	766.245172	428.598227	414.960370	489.984268	377.054432	610.010897	878.719990	1093.165399	1077.133695	906.117818	824.609490	977.771854	1103.934951	1156.727785	1221.328983	1220.959539	972.797514	772.538843	670.315129	365.190534	239.059703	249.587389	186.247325	210.707046	458.697064	441.316908	609.298145	423.293115	281.572847	145.694551	283.534640	261.376943	349.276798	420.007389	
2448.327648	4091.639948	4689.184207	5645.092300	5676.737578	7957.646655	17754.584761	56976.532555	201984.564078	45021.691571	10998.028460	10093.155517	5773.160037	3889.906053	2887.079286	3288.539283	2452.245593	1296.092610	650.014239	943.882138	1755.291984	2052.536861	1989.481175	1278.625748	724.959630	1420.207152	1716.309537	1251.017499	1504.371737	1445.278054	1064.400492	1000.465747	1115.075616	1354.561453	1428.533427	1681.936968	1650.410020	1530.288183	1288.827454	624.679906	188.097019	161.642458	234.229871	189.516409	125.023559	118.816929	168.921498	187.343556	172.799855	72.213579	37.621681	82.865464	94.545716	75.009542	98.764035	266.473286	159.337215	63.725351	78.186255	62.839165	136.541201	262.550421	300.074276	166.029328	424.465285	314.420550	668.072735	926.897460	412.325361	214.555773	182.028387	262.664502	496.176609	759.489850	799.144905	755.651626	895.031739	889.425493	773.781557	817.653023	842.089988	357.877804	309.308233	572.666902	374.753128	586.100057	1069.905752	1280.183463	856.327704	1047.090429	1084.948978	893.815922	1168.249942	1394.121325	1292.670234	1406.999165	908.522354	671.405515	566.572573	350.190085	293.069898	296.297923	171.468687	174.191165	451.045456	406.163591	707.678697	389.106250	254.806654	110.930647	311.355457	302.377900	405.917100	611.553134	
2308.761677	2951.412650	2946.719712	3451.227059	3045.851677	4104.356544	7884.798247	14858.908013	45021.691571	197997.861065	59770.060562	25956.527299	8226.274610	4492.198558	3035.846113	3403.974138	3035.853170	1523.240941	828.913070	1029.285596	1763.093224	1808.279520	1848.476490	1126.503156	632.874765	1208.995836	1628.416480	1425.020320	1487.389691	1455.121256	1263.428276	1149.191983	1184.692583	1337.508309	1365.131512	1412.442697	1284.570093	1400.520402	1308.932418	525.280560	185.465485	185.262050	255.162972	179.930628	161.091392	142.606941	179.986711	171.941858	215.339090	57.309964	74.643068	126.351145	101.896858	100.395945	135.103873	320.043175	207.580671	123.423565	89.138971	93.506747	198.340237	373.697425	400.561269	289.653161	544.110159	365.859148	655.203084	800.200074	390.602866	190.651768	200.070174	325.711191	525.333679	731.704491	811.987940	727.168857	774.100032	837.465398	782.746739	829.046270	843.672649	487.312443	408.614406	581.787251	376.760150	675.150964	929.358801	1122.020183	936.957671	994.586370	969.007200	991.966790	1118.295097	1160.164839	1115.428237	1105.243998	825.491312	736.521294	724.013332	361.120548	253.217996	270.705214	165.295598	203.412005	488.800691	469.313953	601.512643	393.915422	280.551135	139.175365	268.816074	249.255013	329.054588	483.548388	
2853.754508	2083.510484	1749.404340	2475.023634	1807.331736	2546.690344	4488.946684	8547.872384	10998.028460	59770.060562	211239.903801	56746.525385	10427.057691	4710.190194	3181.781079	3055.246821	2954.083141	2387.750915	1599.141554	1348.622554	1637.997948	1110.567356	1186.926312	850.985475	599.754052	772.310127	1709.727971	2051.335316	1181.737576	1654.120731	1830.359051	1914.017204	1395.590447	1268.499250	1222.575456	1132.256398	869.404273	1126.436597	937.701955	472.600439	275.412276	244.660939	303.983671	262.889233	253.710351	269.576964	240.288823	289.476675	274.246072	96.924081	169.936132	212.301994	239.816678	249.540747	325.227543	440.366029	427.125868	269.439253	224.098022	271.527958	369.548307	531.337381	556.432885	642.321749	593.336780	538.998051	541.443860	622.337406	327.044333	174.275086	215.698583	280.350005	490.345666	523.295765	700.899589	691.190412	669.705230	845.044950	926.788376	993.360278	715.482028	904.762000	812.592293	449.572032	453.480154	664.639581	686.956041	749.921794	1379.918862	801.194557	693.175124	1032.393636	1007.043011	741.964713	861.532924	826.319090	994.341485	981.203975	931.260524	451.719468	222.720414	264.070884	202.037691	271.307295	505.278266	626.633401	558.235154	438.337543	373.894704	235.798012	306.636938	241.522643	269.749794	284.245897	
2240.183158	2375.278314	2168.119485	2676.972371	2100.352907	2641.956257	4774.056486	7478.036453	10093.155517	25956.527299	56746.525385	182615.747526	50190.676029	13497.940945	6526.658932	6351.644919	4794.862044	2613.890108	1347.137132	1433.626087	2143.049411	1943.057740	1848.197390	1170.965188	674.718531	1156.086279	1890.462866	1675.035568	1448.056214	1658.542455	1616.589091	1538.997790	1350.621673	1462.797563	1457.812978	1513.583513	1278.612766	1479.504250	1387.500134	593.874456	241.704742	264.281781	270.931342	258.311800	182.231536	181.549080	224.680478	240.477963	278.163504	87.910557	90.644766	154.118906	166.961703	124.409660	190.895069	416.546562	296.995515	177.524668	158.635844	149.927494	307.706726	475.763885	503.625631	428.825107	689.328796	481.466369	665.405804	842.116083	442.529235	246.545208	214.041279	331.282433	623.425372	744.297395	890.145090	713.598902	864.553855	967.969844	975.307347	1020.203275	861.223742	652.951723	495.532005	568.512181	480.331536	738.355446	904.107252	1077.898931	1222.681276	999.036621	895.267598	1106.278175	1133.216483	1070.456287	1086.397189	1164.056259	1051.758177	943.905246	811.733820	413.152748	272.027208	275.918340	215.226919	253.456080	582.751212	525.588173	671.869385	455.882123	376.853113	174.320867	299.477240	272.475357	361.854835	499.070977	
1605.216414	2034.788312	1987.477173	2138.619062	1820.702047	2458.602273	3441.866089	4189.112250	5773.160037	8226.274610	10427.057691	50190.676029	196372.537043	70915.756671	16860.381741	11075.423075	5351.539518	2170.802912	1155.057372	1342.140271	2097.090859	2062.708319	1880.782684	1302.563068	882.784564	1315.228930	1459.317181	1270.911171	1329.204156	1290.092318	1063.496728	963.304465	1014.599904	1211.578107	1323.562429	1535.321175	1405.397236	1417.900200	1253.572403	629.418361	229.328910	191.898057	297.898461	205.230979	167.218871	173.582214	172.746741	214.905835	226.732904	49.847982	55.649355	121.059943	102.441874	98.624751	121.998040	280.128262	165.644819	101.742530	101.267235	95.245707	162.537307	321.757314	280.820973	193.835561	444.412516	351.007968	645.310447	781.701570	408.348210	218.597361	218.258366	302.772511	539.416808	715.783021	725.965280	687.646258	774.275670	693.445764	595.740115	631.444206	648.869950	344.859989	359.374899	443.006164	364.585224	570.860051	837.597302	963.507293	679.809498	805.140646	789.194742	741.230665	864.238154	947.521841	925.839067	1100.198781	776.638102	623.643979	549.145493	341.066830	281.375053	292.185917	175.776192	192.386600	503.158879	444.903432	604.330268	380.210070	254.031675	112.608545	276.950413	294.763963	365.931090	442.841847	
1335.076709	1845.757547	1899.700840	1756.614375	1806.309025	2525.188586	2643.700405	2852.722697	3889.906053	4492.198558	4710.190194	13497.940945	70915.756671	212282.147154	41816.023588	17963.679097	6162.690173	2414.992572	1309.390321	1527.513203	2295.706622	2369.426049	2051.632157	1653.797582	1228.751812	1686.252327	1482.221981	1061.716511	1339.519075	1198.454112	878.500161	779.185417	1044.027115	1107.727955	1252.510281	1512.035761	1562.584515	1271.837476	1122.393061	772.880218	291.607132	272.791792	356.732646	323.823776	221.410195	186.888864	254.576778	260.550661	289.142727	64.189174	60.379843	100.028591	131.420192	111.712039	144.775389	336.838229	181.068503	92.908414	92.203203	105.736488	159.898423	278.096650	292.168718	198.846718	424.396135	405.258665	797.936895	806.808042	459.663781	339.449254	288.055367	386.499264	492.293744	744.698000	711.938056	735.137234	764.301292	649.849748	523.074477	635.661898	598.783209	307.761937	291.875626	561.805253	415.890517	498.197612	852.408351	923.591895	560.434679	731.259324	717.780199	588.514594	700.380027	909.508952	928.972467	1018.489275	812.866298	565.568315	512.475334	421.867608	357.354569	415.384225	288.947479	235.938996	499.818294	482.057787	594.854980	323.020780	254.423727	147.154095	343.842172	354.262652	399.405668	503.702091	
1215.098841	1529.916269	1432.083428	1310.467842	1411.325034	1970.468981	2035.661547	2187.920918	2887.079286	3035.846113	3181.781079	6526.658932	16860.381741	41816.023588	225011.961787	67282.019007	12282.295508	3383.158053	1508.634993	1772.337472	2489.298121	2623.443782	2221.042350	1842.632315	1320.486506	1707.330434	1353.904653	998.626015	1257.614763	1093.366765	766.409509	721.468022	926.517001	990.429799	1157.776768	1338.262249	1403.996798	1208.847000	1253.624600	866.844151	289.251411	258.725648	376.401252	312.980149	179.537690	156.813226	249.800985	287.257096	314.532412	83.709100	109.026486	114.635490	138.310756	88.943712	121.850665	370.196211	168.135468	91.197099	88.678617	89.928881	214.804357	345.512717	328.463116	194.179752	456.712853	387.140565	897.667498	799.035866	439.898751	361.474881	283.737900	398.883794	517.899748	687.065927	705.945878	694.070902	702.285563	581.350051	543.400782	510.702674	570.223564	303.205036	248.497457	571.704140	445.048908	523.884666	797.236405	869.077417	526.704464	598.236764	653.011285	517.924851	625.397122	785.579099	791.347476	823.271794	689.916794	583.574334	479.898892	398.697159	400.716013	434.985990	304.447685	220.509759	481.074518	515.702330	608.697792	371.020870	207.972309	134.472630	353.638651	416.240892	471.119391	563.868621	
1321.432435	2018.153590	1937.209175	1798.355332	1527.718418	1991.304935	2243.364201	2505.871454	3288.539283	3403.974138	3055.246821	6351.644919	11075.423075	17963.679097	67282.019007	199829.553678	39963.569580	6291.679896	2028.637037	2687.247449	4655.016600	3990.453865	2985.468383	2005.221008	1165.160803	1788.234741	1803.665667	1233.165302	1544.102671	1356.138447	973.246543	917.043464	1058.793601	1214.251116	1362.949347	1722.585135	1946.976459	2021.252842	2112.373020	1175.194798	345.133070	307.950641	426.489317	329.189094	249.763601	215.197169	258.396737	277.473135	261.551774	53.982433	127.435319	143.391498	166.875225	122.380506	165.145878	461.195911	231.404839	123.818797	117.766823	126.135760	253.351847	463.999738	475.005722	267.485604	736.948694	485.050216	1259.888420	1377.971657	620.096087	365.815476	316.022353	445.274223	809.595784	1085.357456	986.601293	859.845612	938.993643	779.725719	660.129950	776.307562	968.836149	420.872553	357.703933	732.109383	474.434715	720.494327	1142.565392	1091.525022	630.146754	834.761831	830.282373	681.445016	834.079794	1059.937070	1130.492134	1270.570338	994.259129	822.470833	745.415258	473.467348	414.390826	516.707394	272.471855	251.128172	731.530158	691.130329	988.498436	559.878742	311.357929	170.727803	437.664283	448.516041	562.578695	767.555671	
1743.352900	1952.881216	1422.764754	1423.296788	1122.574001	1339.338632	1936.634071	2127.295179	2452.245593	3035.853170	2954.083141	4794.862044	5351.539518	6162.690173	12282.295508	39963.569580	192772.977055	46123.545124	6670.155081	7431.438403	8748.063374	4831.214098	3338.047293	2084.352214	1252.005915	1897.338247	2223.269678	1735.465940	1817.336854	1731.530053	1314.280597	1279.013032	1378.178381	1365.284457	1352.003054	1501.944872	1589.381851	2317.374573	3091.037226	2083.502561	637.366105	602.834069	854.095496	658.239309	443.636414	426.292167	615.284847	640.778060	679.258917	108.924690	241.176282	470.647601	401.420130	319.671139	545.710019	1363.393688	728.739468	405.845551	322.704118	313.608368	710.052489	1176.589456	1123.222077	797.356962	1534.316717	1098.657400	1845.730174	2007.929517	1261.672295	597.154625	595.932787	817.375000	1478.524465	1337.112258	1107.186840	940.204622	1064.921442	1031.711338	964.047795	1015.385656	1303.456907	967.419046	868.431202	1180.246921	765.844022	1312.394771	1332.035440	1057.909289	770.561805	821.026706	852.617139	873.346259	955.946781	999.978527	1019.600421	1164.757170	1265.675647	1264.928631	1545.838952	953.831485	684.475992	803.290320	517.275944	511.475906	1395.058994	1292.586815	1610.738441	1090.941112	934.810671	409.014949	957.323225	759.726559	903.939741	984.851700	
2500.515714	1188.397049	673.286838	711.286718	602.745419	776.842374	1028.221042	1244.582970	1296.092610	1523.240941	2387.750915	2613.890108	2170.802912	2414.992572	3383.158053	6291.679896	46123.545124	167198.412422	39415.166417	20170.547387	8120.849642	2668.641805	1992.580096	2500.232896	2141.413634	1702.101340	1920.502753	2104.105382	1194.739154	1567.295416	1468.351874	1465.827687	1157.596825	846.855913	800.701409	807.378053	731.388121	1011.190508	1746.943341	2476.445090	2630.953566	2211.624314	2299.867766	2345.396593	2529.092334	2593.313238	2455.710197	2392.446456	2437.171663	1030.198215	1605.115646	2060.285584	1733.645014	1881.102500	2216.367795	1978.623970	1804.456409	1763.995940	1783.028868	1903.703703	1893.281563	1580.301040	1331.711271	1588.971648	1926.014534	2594.340912	1463.255662	1287.622452	1905.218568	1595.704093	1883.628708	1795.972124	1180.449850	692.450879	611.303417	566.421677	603.121555	718.836907	769.556000	689.554195	894.535572	1596.540113	1770.016665	1463.668231	1754.137574	1611.965629	712.729767	569.660008	655.267535	431.546951	436.035376	628.302684	683.793454	511.579902	488.970899	719.994072	1142.192173	1168.912120	1720.919648	1919.469463	1495.359083	1541.756829	1867.660773	2559.991073	2293.192023	1979.953636	1553.090612	2325.663772	2496.302401	2499.808750	1873.427591	1345.763336	1390.351612	833.417895	
2260.657599	684.260593	428.529785	466.465793	397.595774	647.047057	646.922517	765.642983	650.014239	828.913070	1599.141554	1347.137132	1155.057372	1309.390321	1508.634993	2028.637037	6670.155081	39415.166417	157542.719896	68452.982869	9145.723694	1987.713606	1420.126098	3609.104374	4209.800910	1940.346296	1444.088174	1846.054957	759.749165	1152.270423	1153.711332	1324.598627	811.184792	533.749037	599.039833	455.603174	424.345904	492.119622	804.543084	2637.828605	4872.665792	4055.379829	3711.229161	4211.081650	4525.623404	4434.912987	4228.217735	4113.383981	4016.867044	2059.003960	2687.779057	2993.800930	2509.560267	2643.968615	2460.854262	1109.610511	1383.207488	1877.261944	2294.648346	2539.307894	1593.338808	930.987708	661.625180	1050.271846	905.242179	2842.033707	687.215381	591.465750	2055.786632	2911.073404	3011.364410	2313.614778	591.469791	297.358115	290.291093	332.080737	404.621189	406.595151	438.106851	416.478075	338.043291	1146.484516	1557.580966	1214.031337	2256.493812	990.312610	267.600750	246.424572	392.710178	229.682299	191.128550	401.417015	463.615585	235.112063	256.019623	378.135047	774.406513	597.506765	1037.022924	2287.712165	2241.878628	2057.756569	3043.360145	3974.606488	1816.076900	1439.006964	906.828944	2313.197579	2585.732552	4330.104805	2203.434952	1871.698750	1893.755241	455.040337	
2088.727936	1087.380397	622.190182	619.725954	520.298856	751.149507	815.216503	950.786251	943.882138	1029.285596	1348.622554	1433.626087	1342.140271	1527.513203	1772.337472	2687.247449	7431.438403	20170.547387	68452.982869	155972.723540	29750.053712	5684.037028	3103.089719	5152.561136	5037.628992	2933.309622	1877.536190	1812.710043	1124.477597	1420.000725	1137.546054	1134.624444	943.676824	807.925256	807.665980	757.652670	728.339360	1001.571666	1824.180319	3931.972369	3750.596103	3260.018981	3450.488760	3516.438668	2842.258120	2687.026697	3339.472307	3359.516358	3016.477901	1413.748654	1398.415224	1932.450487	1332.784365	1267.522133	1499.521454	1267.186082	1005.601558	982.643485	1170.699829	1217.908171	1183.806470	952.305693	731.351599	700.771839	1098.004086	2430.606309	1238.617471	1209.020541	2543.112105	2901.076924	2916.790759	2200.207137	918.472527	567.817101	484.345208	505.773241	647.107097	549.905248	553.810609	519.508312	627.895099	825.116449	1203.955769	1546.272334	2312.296315	1187.928507	560.069951	474.327292	401.981298	326.254490	334.184460	443.052783	584.276217	472.030321	513.208521	611.643593	838.242917	721.505328	1150.380263	2057.879237	2471.087254	2299.702405	2659.274301	2400.567980	2092.759585	1453.071202	1363.098953	2130.111949	2139.381218	2531.953140	2219.051223	2239.905491	2194.257588	921.793874	
1364.814576	1835.040038	1491.829811	1309.195086	1132.679339	1129.402292	1408.432029	1490.768173	1755.291984	1763.093224	1637.997948	2143.049411	2097.090859	2295.706622	2489.298121	4655.016600	8748.063374	8120.849642	9145.723694	29750.053712	205658.876921	50971.409924	10464.608330	4928.186120	2142.793467	3626.826067	3264.348385	2121.005806	2184.006978	2043.846425	1506.948536	1427.674605	1389.901369	1491.492362	1415.963996	1716.018968	2049.261986	2602.078324	3563.824037	2504.916576	691.146871	730.190341	933.143546	791.244026	487.632308	442.599584	624.537242	670.844889	624.199792	142.544619	251.962399	439.938843	347.799347	322.315443	502.285918	1127.930236	656.830299	316.612886	264.353653	294.239916	574.798846	888.797213	829.400091	636.805161	1296.285613	1031.619269	1862.466919	2344.249941	1309.927782	656.639720	531.773197	731.512799	1238.000792	1291.775875	1106.268453	853.490847	839.781815	879.374288	849.675787	1007.007914	1183.372696	755.925785	744.120582	1116.929709	770.795899	1143.223439	1260.847812	1094.212247	655.044334	746.159348	749.003888	705.622543	851.862499	924.963949	966.051681	1266.456394	1231.818646	1226.368078	1290.754274	911.914964	748.066978	874.471570	554.551026	542.661153	1549.324469	1379.615615	1779.186307	1262.202345	877.325559	365.971331	880.521914	721.557599	906.178229	1113.619615	
912.261409	1903.145880	1858.167632	1553.036063	1482.787713	1510.238035	1594.974527	1543.379384	2052.536861	1808.279520	1110.567356	1943.057740	2062.708319	2369.426049	2623.443782	3990.453865	4831.214098	2668.641805	1987.713606	5684.037028	50971.409924	222662.041411	43961.050262	9368.356201	3015.565929	5258.675686	3933.646600	1967.560197	2841.780023	2114.853776	1311.941481	1073.007546	1464.627200	1777.746701	1995.299851	2510.151742	3050.803428	2962.898702	3056.752913	1818.136408	398.104717	371.257450	508.616120	364.554193	244.178599	195.541105	280.740761	324.225472	320.414617	101.687260	57.391554	151.260496	143.543836	107.300961	143.465994	553.016766	220.765719	90.209383	99.690418	112.520146	259.106636	448.294870	437.311639	266.936673	764.149329	426.970678	1388.462405	1676.943067	823.990529	352.241507	342.734305	499.824268	777.745653	1204.212161	1012.402513	833.601493	988.096833	824.138591	744.937419	777.601860	991.903779	348.737041	311.929364	816.833910	494.607198	756.914054	1406.287340	1428.071759	598.734862	975.374401	952.722028	682.782566	903.644970	1187.931561	1078.227507	1472.125785	958.752042	719.752014	694.248643	448.068399	490.542714	522.489540	290.107299	236.409548	801.455512	666.177343	1032.661873	641.526322	361.871671	157.227501	543.304294	511.601349	697.425754	985.086288	
874.725968	1634.148822	1586.129572	1534.093978	1360.806074	1507.084206	1671.078717	1550.377292	1989.481175	1848.476490	1186.926312	1848.197390	1880.782684	2051.632157	2221.042350	2985.468383	3338.047293	1992.580096	1420.126098	3103.089719	10464.608330	43961.050262	217415.144636	54714.272393	7007.915505	9382.479771	5445.594912	2631.444654	3421.630810	2491.305700	1573.713209	1295.708557	1700.404186	2031.461030	2190.234836	2641.413576	2859.028055	2677.236471	2725.402113	1457.858035	351.987612	310.538503	537.797172	405.675676	269.249910	208.932722	318.170333	320.408525	329.004573	89.740629	49.450170	136.423643	123.853050	109.263243	132.176349	434.162924	205.534174	105.396230	90.358189	87.880117	226.552493	380.107822	388.426496	224.386931	653.724195	426.272420	1214.054581	1453.151216	779.851554	408.257271	377.673668	502.178677	798.496002	1089.404552	950.665946	838.859674	932.808509	792.587357	735.391862	690.588385	796.981657	370.724053	329.343819	732.838657	487.281287	809.791548	1252.459212	1286.189443	638.375337	961.496995	987.513393	693.407552	908.749950	1109.551833	1089.696716	1207.236866	861.530532	647.614918	614.230740	468.660952	439.539091	564.759361	298.190853	228.363246	693.376613	568.057692	872.543643	492.273784	336.369305	162.182079	456.315823	476.232855	642.130156	774.437265	
1192.407203	1218.354048	1086.586765	983.530226	908.538392	1644.921982	1273.823535	1099.753126	1278.625748	1126.503156	850.985475	1170.965188	1302.563068	1653.797582	1842.632315	2005.221008	2084.352214	2500.232896	3609.104374	5152.561136	4928.186120	9368.356201	54714.272393	172650.186298	71232.744451	28497.876458	5491.344529	2812.987231	2768.816738	2253.906148	1347.383727	1169.926104	1423.183417	1483.874867	1616.257313	1713.678442	1905.780791	1451.761952	1641.261544	2050.455541	1244.917698	1102.821527	1319.926136	1187.092385	793.058970	708.149248	992.564141	1061.805585	1011.903734	372.515677	357.020073	460.023840	313.556447	280.440766	316.715541	452.657121	233.560265	213.639346	231.705100	274.095450	306.611205	346.278123	337.570153	216.392049	531.295015	695.779961	901.014909	1013.497727	1250.462189	1373.716236	1163.681431	1028.658574	700.030063	655.474366	593.966501	766.832112	912.810678	532.529438	516.355022	435.467780	522.715526	315.214211	415.809234	1022.237631	1248.189563	745.800099	755.660956	808.181222	400.759249	545.011698	542.309812	492.786232	661.142695	809.165291	791.182467	838.557020	687.766415	543.023826	601.795285	978.764824	1350.949693	1309.583285	1030.579585	697.542042	697.864834	566.028996	688.788581	632.349933	527.805689	557.842767	796.474107	1197.464866	1154.287868	762.156567	
1168.923421	799.109483	706.022172	605.334992	673.969850	1465.696156	792.690136	661.014226	724.959630	632.874765	599.754052	674.718531	882.784564	1228.751812	1320.486506	1165.160803	1252.005915	2141.413634	4209.800910	5037.628992	2142.793467	3015.565929	7007.915505	71232.744451	200966.554908	68012.540876	4705.095477	2361.997368	2066.432798	1830.222511	1038.629365	940.609968	1077.816927	1028.811742	1118.232139	1111.062232	1148.002860	805.252738	885.192191	2255.585977	1931.897631	1574.974203	1832.807750	1845.339504	1245.835728	1100.817493	1526.252014	1550.238306	1358.041080	582.369442	547.808503	556.893348	398.752933	341.399706	350.500732	382.004238	209.648114	225.461286	309.778427	273.717871	289.486804	293.010743	212.327447	160.314954	343.368331	807.343857	601.017044	512.526614	1359.738695	2244.872021	1802.533151	1368.645037	404.494578	388.985066	329.108378	516.802945	836.022298	367.500199	326.769628	248.267966	328.033975	227.097575	320.722133	1020.105610	1455.590630	550.650792	465.041040	445.159707	247.929631	350.758410	354.682759	258.464538	389.021804	499.615039	504.537734	476.428303	503.204241	349.327613	369.355786	1301.653243	1908.915755	1748.149162	1484.379228	1013.442640	534.153760	458.811076	379.529357	524.185282	491.352523	766.212503	857.281106	1641.025921	1521.746143	611.684513	
914.098476	1560.247963	1424.268887	1224.651529	1185.522593	1639.753305	1355.242254	1163.718048	1420.207152	1208.995836	772.310127	1156.086279	1315.228930	1686.252327	1707.330434	1788.234741	1897.338247	1702.101340	1940.346296	2933.309622	3626.826067	5258.675686	9382.479771	28497.876458	68012.540876	190558.212567	35278.729153	6134.042861	6515.912743	4071.762613	2004.637387	1674.212720	2115.560624	2165.672125	2252.264638	2478.545844	2539.580784	1874.386450	2022.578412	2298.254373	1027.750476	855.343260	1047.713642	982.343418	548.829417	514.370167	777.313641	687.145204	721.168192	204.552543	234.264461	326.756561	225.740792	180.258469	169.581983	435.437880	194.074063	132.392842	137.920555	164.813455	221.962507	342.860947	258.227486	168.694978	489.672616	580.425244	905.696566	1155.332534	1066.491279	1160.081788	984.961119	865.024148	634.337403	824.351071	680.438931	701.526146	951.555231	630.562351	578.686114	540.452615	702.894325	307.028727	311.093877	1007.144494	1006.620981	708.560434	958.883144	1040.189701	448.903834	652.856869	710.715507	492.632640	743.507222	1057.989609	938.964436	1110.186972	754.164069	526.334217	513.933036	762.648797	1100.544337	1170.843320	721.032010	518.207032	653.108646	480.126794	772.786833	606.889637	420.278391	354.801837	709.904687	1023.995404	1114.000912	941.197570	
1432.883213	1563.287089	1359.078636	1374.776304	1056.004405	1157.103734	1465.804140	1699.229957	1716.309537	1628.416480	1709.727971	1890.462866	1459.317181	1482.221981	1353.904653	1803.665667	2223.269678	1920.502753	1444.088174	1877.536190	3264.348385	3933.646600	5445.594912	5491.344529	4705.095477	35278.729153	180586.779620	59930.282853	23291.893450	11967.123731	7822.817192	6996.091339	5829.538851	4315.902241	4012.795059	3330.947542	2877.967019	2555.582477	2399.741739	1414.841944	540.131325	470.018448	611.354050	522.892472	492.673155	402.600639	515.740479	505.655732	529.486664	194.721180	190.210199	331.027534	264.156312	257.985190	331.390083	627.830556	458.487084	269.828459	257.351904	254.389274	403.868920	584.467826	620.525397	524.696255	825.949870	687.475609	992.500779	1131.314684	604.990805	369.177643	351.590760	546.922689	829.259954	953.614276	976.374152	850.950371	905.498948	1095.649362	1092.683730	1074.398663	1082.001025	876.680662	806.610239	849.753767	563.656803	966.157763	1120.415606	1119.497863	1055.893271	957.718971	871.524814	962.968638	1085.603991	1055.426121	1081.158895	1172.915785	1162.190567	1058.720002	1053.104867	605.368093	432.039675	438.853453	318.128245	349.878483	810.122151	700.059849	873.550988	645.300164	519.531938	272.308387	471.797835	405.505905	490.821881	656.308671	
1514.175282	1091.671290	882.611993	1047.840351	681.308876	822.434848	1070.518064	1521.678953	1251.017499	1425.020320	2051.335316	1675.035568	1270.911171	1061.716511	998.626015	1233.165302	1735.465940	2104.105382	1846.054957	1812.710043	2121.005806	1967.560197	2631.444654	2812.987231	2361.997368	6134.042861	59930.282853	175668.402900	60816.835437	19980.383411	11324.531278	10167.333276	6533.700145	4310.617275	3731.559475	2678.945778	1901.739765	1762.553319	1817.914785	1056.936943	676.258454	606.659485	722.441124	618.000297	622.004646	576.096975	578.898729	630.239221	628.406543	200.457153	377.121892	427.551095	435.614561	449.242622	524.802189	684.908588	648.355845	450.296439	418.716391	431.899571	509.375816	721.770161	710.531822	882.911143	802.753767	908.783112	728.265457	847.402724	526.710070	361.720209	377.479815	512.725496	769.865072	647.347613	852.314172	751.830791	766.547908	965.480543	1113.928472	1149.544378	839.169191	1081.427564	1002.809568	646.300154	661.823389	902.215248	791.171917	817.217307	1328.793090	772.866625	748.967195	1007.029777	1057.202771	756.102794	758.544347	888.161184	1119.188415	1067.926371	1169.150859	637.392434	371.995645	376.847853	310.745664	452.323625	772.301297	731.951688	725.903616	628.769842	623.735412	377.926200	429.884563	350.961734	387.740196	392.094306	
1036.066583	1420.235447	1287.387790	1252.620589	1062.881952	1143.281026	1298.451478	1311.681132	1504.371737	1487.389691	1181.737576	1448.056214	1329.204156	1339.519075	1257.614763	1544.102671	1817.336854	1194.739154	759.749165	1124.477597	2184.006978	2841.780023	3421.630810	2768.816738	2066.432798	6515.912743	23291.893450	60816.835437	195699.489356	51573.424952	8395.308169	6035.699075	5728.545103	4738.278874	3933.591307	3442.459227	2963.325021	2299.271796	2201.877386	1300.097005	425.997815	380.482037	555.951667	401.863795	292.259890	264.524792	372.312980	379.208833	374.852029	137.458956	103.650516	184.485239	170.730167	128.825041	146.857085	518.818680	291.375033	141.873178	123.925890	125.910217	290.196857	427.908141	452.219363	303.036817	701.747457	455.661364	896.975818	1013.827988	549.599580	283.206434	302.558861	435.618509	666.589860	853.357865	803.045514	721.286788	814.945785	838.650878	789.598284	819.161662	967.103770	512.586816	461.750291	689.697083	460.222388	707.505531	985.032413	1125.054089	658.700217	987.410573	813.912919	779.386280	909.650409	1024.295361	922.445945	1096.006838	914.754203	707.361441	682.599044	427.067294	351.299530	375.341523	220.311915	223.376080	578.002495	524.825286	666.753966	465.302670	343.174298	136.195249	355.078743	349.808403	449.153549	578.769240	
1414.461770	1177.965285	951.969474	1015.877939	810.484612	920.172802	1196.806581	1396.909433	1445.278054	1455.121256	1654.120731	1658.542455	1290.092318	1198.454112	1093.366765	1356.138447	1731.530053	1567.295416	1152.270423	1420.000725	2043.846425	2114.853776	2491.305700	2253.906148	1830.222511	4071.762613	11967.123731	19980.383411	51573.424952	177385.815758	42491.828229	23214.420365	14844.932366	8408.867224	6513.977596	4077.781708	2852.301100	2267.242801	2262.483651	1354.737765	634.074331	604.060575	663.009950	591.506570	477.509391	472.281940	538.444134	486.605023	530.534881	193.751759	252.350981	313.543957	301.127407	267.846450	393.726570	626.928485	513.088562	331.934389	252.888071	278.598047	460.950829	673.412526	647.386833	642.986985	798.533367	758.099230	873.722465	912.610298	562.455648	338.932886	326.588824	460.607597	703.053401	814.417973	859.653580	849.858204	898.609230	969.991535	1016.181244	1006.420763	1020.487464	933.800494	827.989513	778.448737	642.457260	829.560060	883.574664	961.685322	1083.060564	957.782219	810.682999	935.424037	1002.139131	850.484090	874.461839	980.216264	989.154609	940.486099	929.129307	548.753593	367.172895	413.567268	306.904581	327.666617	675.376807	713.244757	698.492574	559.768618	435.351447	286.183766	399.077935	315.611460	380.587883	544.921823	
