200317.272937	32533.126473	13797.270074	6011.585891	11811.937360	7895.080025	1969.829822	6690.614042	6289.175128	5423.722648	4494.604383	3154.840627	4007.472757	5185.622242	5167.129857	5165.316845	3374.536178	1076.926588	1963.506562	2157.123639	1988.100256	354.843032	419.810854	481.068169	1252.158830	307.725352	650.137265	892.442963	617.992548	492.424257	530.120225	694.352236	1118.985004	910.738967	663.174104	2047.733784	878.106954	400.050695	733.687335	544.316472	277.096865	130.693598	94.705829	91.972361	103.942851	105.320957	123.635870	119.977121	203.222521	100.390400	245.237184	523.723531	1893.740770	1865.433981	1765.662330	1517.344432	872.255520	466.383148	259.879933	512.772141	522.752496	179.332525	262.130437	335.690609	132.585498	230.899504	623.126305	971.925041	995.739901	911.135667	792.078657	435.806837	387.127993	301.040706	152.452162	210.833368	293.649090	107.484700	98.316094	95.338622	337.214411	200.552880	261.780835	414.523073	259.169461	284.406385	152.879644	98.475354	58.428119	20.459438	72.447025	69.137670	71.358121	46.061542	75.501550	60.458597	57.154231	130.094518	131.503065	166.511749	117.691971	113.724059	259.666083	227.465405	105.117864	137.437869	136.489238	148.941179	107.394910	61.545428	53.531191	31.984193	97.950958	166.413004	79.998971	32.951507	65.005595	86.885155	88.601758	157.785252	68.340170	272.369962	147.917791	165.200719	234.046314	101.738707	89.345619	168.991254	206.307460	128.688046	78.694023	75.252954	148.310497	533.074493	745.752574	858.581250	706.241126	442.170003	181.779389	154.908300	58.616691	64.803540	57.372756	132.156965	213.828400	209.664342	178.278236	311.828801	441.888588	322.938466	448.378611	329.759760	228.489675	226.319317	457.893874	565.968054	808.320179	676.308538	339.560460	139.465273	139.246821	501.443681	262.356602	122.818702	309.160641	0.000000	
32533.126473	154388.796599	11648.439883	28190.603146	28504.229928	20062.290752	6336.208288	6551.291205	4236.738870	3494.723083	3325.574021	3159.961704	3039.828547	2983.933881	3026.534922	2724.173945	2746.000300	2088.911891	2040.065946	1901.140606	1931.428668	340.430299	692.267488	697.420881	1381.494581	536.775287	782.278776	906.025844	756.247513	620.615107	832.963387	848.996164	1119.844310	1091.947970	957.705356	1461.882523	1172.539916	696.983983	862.947185	668.426058	386.947749	133.744202	174.449554	144.247824	202.101192	128.736412	113.869561	158.383084	250.915584	212.658711	441.463959	767.654987	1428.961367	1267.725735	1086.998601	1180.973724	1043.572416	603.664769	500.182976	646.834310	737.369578	342.567757	343.964435	469.045361	288.320557	295.361349	782.596348	1008.984369	764.236582	679.877241	671.328560	613.221518	605.116656	429.609745	268.802127	373.647680	468.362632	150.259073	145.111953	182.932467	376.456964	304.833022	299.832108	415.762954	359.441408	384.439903	280.989034	122.091493	67.265918	50.248787	105.646733	67.803480	100.888058	94.273389	121.163812	98.991681	96.505704	208.506857	179.780533	175.351850	172.446886	123.886860	230.220476	265.363297	167.811522	163.021378	233.167340	191.642857	138.358370	82.042341	62.997802	64.438678	137.826280	158.790779	116.951827	109.592110	82.175387	92.778989	141.918056	200.772983	151.183755	227.490848	235.788563	243.575222	271.209106	140.553165	181.229488	170.826815	273.500270	206.944315	147.639930	159.681426	219.121269	438.362139	581.108220	658.966462	612.927205	421.067995	324.528242	181.170417	206.947910	102.237415	93.572139	212.678521	233.407474	271.353085	251.890961	293.264194	447.680965	384.358400	414.618529	313.352832	224.470080	268.447753	321.797189	336.769626	487.788168	489.768623	348.614563	217.054280	223.764933	449.639762	364.366308	246.750195	342.234692	0.000000	
13797.270074	11648.439883	251770.718027	11774.447891	20501.510934	5438.373935	2817.757105	3706.019115	2655.101972	1915.199559	1524.372052	1541.083621	2066.206630	1788.736855	1938.869836	1636.180076	1552.823529	1661.869827	1506.943682	1396.397727	896.944067	501.947879	211.668939	324.048242	1423.332119	237.434698	355.997506	561.074194	660.227027	879.871846	566.844880	650.287509	931.102918	334.261048	814.667226	110.348525	456.295498	746.984005	323.484802	517.419859	195.985508	61.624783	128.608682	135.757267	235.253965	331.073657	139.912597	244.389909	224.977376	204.492328	302.752133	401.056247	902.971660	686.244679	423.628135	1088.305114	435.480185	603.819230	203.603028	603.260204	399.711579	0.000000	143.535507	219.164108	250.067415	130.648773	881.451513	762.922186	784.133988	859.239298	329.947078	362.633115	320.556291	239.535614	69.941582	260.279664	77.884722	130.323340	256.752600	62.244232	148.678779	267.006790	205.092291	479.756509	231.544150	72.055665	273.167889	257.168506	0.000000	0.000000	0.000000	0.000000	0.000000	0.000000	233.021915	205.254010	64.678616	0.000000	279.029086	65.732480	121.078346	249.088822	75.996015	154.446807	71.374012	141.392397	149.475598	74.360013	65.107236	0.000000	0.000000	67.865492	207.836724	229.039496	64.664913	0.000000	64.909072	64.124108	196.173052	0.000000	68.238697	339.956924	193.143745	73.795847	311.598393	0.000000	0.000000	0.000000	159.182690	104.021354	74.211777	75.141217	188.815108	646.343604	386.533417	431.828410	184.434956	416.984931	67.079589	250.431513	0.000000	0.000000	60.868040	289.462256	161.319347	348.921711	137.555904	74.552372	500.063453	238.339229	91.700221	88.850668	77.571138	279.397499	280.938710	323.837214	314.222275	555.492275	299.426317	131.521625	221.595101	168.552180	282.758083	61.318169	100.921674	0.000000	
6011.585891	28190.603146	11774.447891	213692.275554	28702.368520	10722.470016	8958.310921	5128.713859	2362.432024	1755.396751	1897.661840	2464.490624	1757.910973	1388.347139	1273.140536	1262.662376	1710.032789	1909.689426	1680.729355	1418.908825	1095.115789	240.332842	831.046805	881.277140	1117.646845	522.945603	749.987682	851.980642	814.879276	547.667882	773.505822	723.907153	686.551163	952.263712	893.598846	686.853921	983.135089	721.815312	673.748230	545.029831	437.910380	218.344180	123.155775	91.000886	174.591521	190.221837	140.679434	171.620511	308.795201	241.513817	369.642493	761.702693	657.161643	582.045766	446.233299	720.828602	792.330718	809.504878	461.429995	627.198085	566.490902	343.329011	364.241743	468.713513	335.250654	369.072635	690.609815	712.310514	442.189202	411.404114	458.138493	576.447876	529.514550	405.237104	241.114010	361.403816	402.745343	262.075239	159.813220	172.854864	213.562374	268.470208	360.060321	344.561408	325.199396	351.902862	202.728984	153.915477	59.359469	53.211042	70.657764	81.165912	103.783141	112.309842	128.306632	137.585981	117.678958	167.931407	180.358969	113.301854	139.133663	149.079782	160.102457	214.452657	164.034744	169.246838	186.079335	113.931532	143.397503	84.246188	81.214162	51.990439	119.414766	168.151775	117.654026	119.028470	124.313958	104.389003	156.546224	155.238247	78.414516	188.814950	160.293989	197.867492	186.491792	198.452028	269.715967	133.998041	213.406857	258.988418	106.597884	208.670336	204.917429	425.520661	240.594058	175.745671	300.245600	319.444078	308.330245	227.822743	165.154904	111.190558	58.287283	166.313570	223.995325	247.254502	237.102556	257.009076	181.967240	387.997517	219.530510	102.100164	170.849021	267.551265	242.124417	175.727170	300.899498	301.432576	279.562605	207.809599	176.833036	201.757125	216.615490	193.770478	357.577895	0.000000	
11811.937360	28504.229928	20501.510934	28702.368520	166326.331663	18066.330922	6274.942860	5098.499203	3180.257072	2730.297425	2804.870433	3272.699395	2760.331117	1961.367282	1900.884773	1826.545820	2350.056486	2595.260566	2163.365926	2110.603982	1766.594990	492.114047	919.026267	1123.295376	1684.504038	656.780701	1037.097023	1058.065882	955.526719	850.310633	1091.631412	1027.476111	1258.444592	1161.623508	1205.839814	1159.142665	1230.229156	1029.569385	903.303471	885.156913	558.138059	278.351918	168.869283	163.995256	181.221090	185.478560	203.307791	225.339960	351.861295	343.690369	614.843111	1130.447174	1191.967945	882.192131	830.657383	943.137427	1212.228899	864.492750	715.284116	793.617967	747.372464	431.092664	510.122519	598.567512	450.934475	562.677504	852.959543	995.074570	741.315617	574.640994	759.607335	881.203143	673.448920	520.009035	359.999496	421.503399	515.422276	266.948309	218.009641	287.688266	390.444541	357.604398	366.242397	464.757942	429.693505	408.725985	303.684400	164.334882	121.546552	77.826296	101.190820	86.751807	116.076911	123.198007	159.103775	141.342092	156.263992	170.566618	214.941989	186.429288	190.777916	185.337064	279.401818	305.545920	229.920154	202.982697	240.756065	278.594374	141.341616	94.338935	99.693353	71.288481	109.159781	173.760712	129.060297	143.624788	120.456538	134.716779	141.957679	207.307394	186.369325	245.211152	250.225450	307.487873	302.766140	157.221616	220.001638	286.628208	264.751577	196.682340	252.054046	265.734965	431.937255	514.865703	521.070974	438.488609	426.222407	413.682489	429.823931	263.062739	146.326602	154.067635	134.269994	271.122047	305.020707	293.216457	339.560731	391.563165	360.696097	417.267578	330.717148	311.107015	290.625053	295.935455	334.456475	309.933456	370.412978	408.457077	450.824521	322.362350	274.153549	333.450926	398.501554	339.230872	452.317635	0.000000	
7895.080025	20062.290752	5438.373935	10722.470016	18066.330922	133710.709122	53826.949219	12573.262718	4928.562268	3503.301938	3824.112297	5013.705185	3546.977033	2331.293420	2188.294981	1896.456541	3262.336242	5264.712333	2596.468606	2210.568939	1893.073291	1132.248641	1465.158075	1608.109195	1742.235615	893.952243	1228.158918	1153.948043	1328.671757	1398.070933	1469.022779	1178.341391	983.742413	989.619551	1094.484309	1006.638406	1146.576649	1177.007375	1003.320680	934.209545	857.084152	549.897763	425.556729	404.177203	358.979009	360.224080	350.411251	360.759314	507.483622	578.855282	874.992387	1473.408912	1078.328025	847.155138	804.515765	926.604515	1177.335606	1128.357348	908.407664	810.464453	792.906877	791.012836	777.296673	690.664778	699.914775	820.191935	897.126719	906.335843	661.846876	515.901722	599.242603	951.520645	789.541630	529.728216	464.023226	496.457817	466.341163	412.857183	364.103825	428.441454	422.919184	476.074638	437.682983	419.083907	529.977187	420.683102	369.259376	254.858996	190.204819	167.047337	174.395204	189.246628	178.699927	189.122474	149.765834	226.957567	192.025111	233.769409	311.233288	249.666213	220.903929	250.983283	289.909825	270.256202	295.954122	316.595036	252.880154	261.468632	234.332900	207.021721	156.742985	146.331098	222.918976	195.008760	153.373034	175.238512	151.798958	185.060981	235.354282	252.513398	282.953460	312.376195	323.553646	308.444294	373.402599	240.609829	292.873917	322.606440	311.545959	260.521593	306.490103	331.515726	515.687627	436.853022	389.473222	350.955108	425.208867	473.756529	509.565657	410.176106	302.559365	243.268195	255.419536	373.281628	345.159986	359.966971	392.420747	435.259646	398.116914	429.572184	328.524990	296.210897	266.326748	317.436866	312.198393	268.559819	264.060583	422.283141	478.007799	412.290423	392.042505	391.387261	459.605672	437.322585	532.299233	0.000000	
1969.829822	6336.208288	2817.757105	8958.310921	6274.942860	53826.949219	200765.245377	5599.823626	2335.454383	1865.307597	2330.394327	3436.264147	2128.935039	1017.883998	1001.201730	917.094649	2031.520408	3838.884369	1643.809442	1647.669677	1010.781363	1336.633211	1595.881083	2031.466950	1028.980685	967.438659	1023.364851	730.324930	1235.621978	1360.636107	1273.027543	938.844048	567.579656	815.032439	1114.386736	364.652577	822.243343	1313.746165	651.243112	822.905679	1054.256341	678.148887	594.166702	511.771955	424.556027	433.371474	471.326274	444.310389	596.684566	846.334920	1068.453014	1417.525978	422.963126	327.106987	455.307847	497.554967	947.735369	1078.394559	1082.168527	624.871342	548.865622	1087.335070	762.136703	761.740541	1046.991479	1085.626987	586.159923	489.537281	385.746849	468.639169	344.035437	958.672355	624.778560	535.390495	603.619503	413.352880	322.342460	472.472110	469.532045	561.152579	283.819011	501.133809	355.319160	189.835258	443.242220	332.894142	304.550970	356.844843	294.335576	236.215654	254.483362	234.282246	210.671676	246.671148	188.770306	215.115648	261.460926	272.979791	223.802543	217.216480	196.170360	201.786056	234.065597	163.519069	322.875248	290.323080	225.394694	178.927154	204.706138	224.039726	215.733580	191.605162	195.595671	193.504803	188.792884	171.478763	216.577967	218.073419	291.614037	198.996117	361.235314	196.323337	266.455467	246.229904	252.424860	343.523952	250.240064	350.174156	186.407866	300.358926	435.711932	508.670099	583.564495	246.247940	167.415763	124.689319	165.682561	283.170732	467.009442	461.989765	338.381247	372.528023	412.047518	341.290986	207.024612	232.844970	417.048513	287.024020	170.061699	361.941308	211.825584	208.093775	326.022064	347.351960	168.249541	76.191007	174.740908	157.426621	345.834249	462.047705	455.004468	221.714329	401.424463	564.607449	417.685777	0.000000	
6690.614042	6551.291205	3706.019115	5128.713859	5098.499203	12573.262718	5599.823626	131556.313101	37572.998835	19499.022201	15576.176859	14121.741298	12096.430897	11904.279981	9442.556442	7508.763303	6096.216688	3644.269469	3143.815983	2876.482065	3040.063447	307.460321	600.732505	693.394115	1887.048863	489.637596	744.313867	1022.848870	724.945485	551.527276	763.866321	871.332527	1469.556811	1091.980672	809.003760	2079.588608	1173.886012	525.493110	923.028044	676.133206	308.122834	132.115538	132.608347	127.505851	133.293551	152.771472	151.405582	104.788051	203.647194	169.794959	256.533748	635.988335	2101.784425	1979.641001	1818.569901	1807.292474	1105.516359	509.584921	353.355908	684.487366	737.775719	232.043078	317.978886	377.379146	178.704030	214.738746	796.790050	991.099457	1013.985683	805.259793	922.941240	469.424678	541.603553	332.573932	205.639785	289.631596	378.476073	159.655046	87.808965	116.921974	355.176355	181.268839	288.939971	496.309293	297.840369	363.391095	199.395288	74.824159	62.017005	38.291311	56.495761	54.580672	55.972029	77.161028	61.851369	92.198431	63.388599	143.224272	170.914901	158.369382	119.899512	136.046453	238.957541	250.700535	119.498694	105.372703	173.961984	183.710520	116.982562	46.029773	54.422829	54.040929	73.555233	151.206360	76.578330	79.944043	68.915664	75.937890	109.481602	172.693839	105.889650	204.070590	170.888148	200.397714	252.895756	91.679524	152.618473	128.568823	199.884977	148.672190	98.490737	116.600661	187.619313	574.066112	662.941994	888.311869	753.151646	476.779513	261.597122	126.553272	117.831683	71.123623	68.353570	177.305577	276.678200	232.249502	183.962683	307.483654	520.720278	319.558004	509.270460	382.782744	228.071939	282.381936	413.003069	473.863392	705.730443	614.354909	317.908771	131.583806	138.750938	454.273605	264.128536	161.505785	350.301958	0.000000	
6289.175128	4236.738870	2655.101972	2362.432024	3180.257072	4928.562268	2335.454383	37572.998835	130079.825050	37458.253426	21450.365195	15663.951050	14225.481785	15053.947460	10878.491250	9054.354735	5786.435968	1896.562426	2135.460223	2384.829756	2550.557166	341.424220	501.252930	508.183972	1454.015532	349.922597	544.835221	805.688356	565.515032	433.903476	602.448539	784.819031	1252.595601	982.085648	668.880688	2335.165974	1058.999176	423.414531	681.493863	553.061516	214.775705	139.723626	108.134306	120.557475	100.012129	95.082680	111.029737	112.361642	178.534165	128.792023	187.340518	487.499911	2064.394489	2124.601916	1933.014590	1698.150899	826.927930	366.349391	253.899222	547.115621	641.946530	173.829006	197.977305	259.501115	144.108681	149.346108	601.076086	926.161188	1053.564052	862.068653	900.835172	360.401347	402.771887	251.940804	112.327884	191.795337	292.845497	97.264083	58.214249	88.205075	207.880573	143.780625	176.962746	326.329682	198.328290	253.229486	169.034033	55.879025	51.533708	47.245775	34.853677	51.740225	49.386750	62.786199	41.826697	74.977610	39.106045	111.675592	89.625501	91.906227	69.774948	75.302158	208.205417	204.272627	56.639916	93.503378	132.739861	129.258909	94.722507	37.400851	49.217653	44.879731	54.977315	100.976512	53.759420	52.842344	44.151057	55.732993	79.073556	102.544017	81.227760	151.589491	114.345861	153.376142	186.927045	45.682624	104.388388	108.400432	162.413752	102.201918	75.718115	78.086168	108.215652	413.690893	671.905311	840.391473	716.124056	342.722659	158.428609	98.183900	73.946708	47.342030	43.702483	118.955467	178.309928	200.417102	124.753769	223.971000	370.377319	228.166071	447.016229	406.264865	211.055103	237.557217	437.039292	593.514987	742.130332	617.496755	236.199867	101.885932	106.068321	423.564170	209.694911	129.759869	244.077426	0.000000	
5423.722648	3494.723083	1915.199559	1755.396751	2730.297425	3503.301938	1865.307597	19499.022201	37458.253426	130603.510799	38854.834110	21754.853358	16209.285848	15414.739227	10477.235302	8210.001679	5667.795197	1723.968029	2253.337430	2397.980830	2530.473160	316.644262	426.957726	487.578753	1376.752347	393.868971	550.622786	833.357790	524.470965	392.646765	607.560513	752.072737	1270.456412	915.688703	730.212470	2219.825912	938.162546	436.315404	697.219445	561.277520	230.477687	145.420626	91.647234	144.319068	125.045362	134.593197	96.433531	104.682465	187.478126	159.259372	242.268540	443.528580	2065.408910	2008.767985	1890.459588	1695.151997	756.312435	377.772820	256.878187	608.082933	664.930046	145.407631	216.305866	238.960131	129.997905	154.150858	578.513445	851.143633	926.207728	943.541972	838.345016	313.486194	385.709884	309.675011	127.461577	199.159385	260.218126	132.452663	65.986755	82.894020	262.267920	129.446300	201.255548	356.822496	218.196190	240.742852	145.197882	58.583003	34.758897	47.062448	38.788872	39.606677	55.111769	68.505046	46.276971	49.554298	45.334748	104.708514	104.308258	84.467947	77.794413	93.115816	174.006765	175.012838	60.033248	80.935933	132.709841	126.826951	62.368076	35.971044	28.307301	26.955485	59.889680	98.107238	63.455201	62.438728	40.946652	58.429905	85.556962	100.453592	66.962128	157.267258	103.790527	134.485593	198.385968	40.349582	113.896549	112.793036	146.906892	114.227216	46.815087	80.757950	107.346424	320.901409	580.242335	726.428614	695.929101	316.630653	145.754704	84.841085	68.192332	51.402181	55.462974	147.095856	231.798599	153.262208	141.410334	181.152378	310.782093	252.442469	396.361393	336.298513	213.860908	172.988656	389.457047	592.683173	702.339098	538.611169	208.125921	98.332341	91.466909	427.280769	214.707702	118.909486	209.857109	0.000000	
4494.604383	3325.574021	1524.372052	1897.661840	2804.870433	3824.112297	2330.394327	15576.176859	21450.365195	38854.834110	122137.861122	43011.573731	19656.268688	14924.268144	9813.180065	7376.905143	6193.260305	2388.307793	2443.983536	2696.324195	2479.664774	411.645519	684.252465	814.968854	1468.659317	423.437164	628.392313	734.546227	668.456343	560.083141	760.943496	963.957798	1198.721235	1024.709827	808.860709	1934.899202	1012.732592	539.228294	722.174626	625.435645	286.587224	167.658628	143.976946	159.048587	122.495790	144.806522	129.312166	130.434160	199.146179	216.505937	346.811990	716.977400	1868.940449	1901.478582	1710.884949	1443.843428	924.017554	594.751795	462.049907	680.956778	668.091540	228.953721	305.493042	321.431990	203.451708	258.507497	567.451648	724.982167	834.737266	908.226940	929.878929	504.153669	511.169123	353.388144	197.569274	230.395170	280.838252	174.736505	96.925281	94.800187	251.603430	162.490562	216.251224	329.953779	265.241030	246.688041	153.794207	69.464050	59.711977	78.663044	47.224828	45.831472	65.560869	60.220365	65.216794	75.703079	65.671894	120.904907	109.875047	107.813906	97.719759	82.683459	171.143790	157.823914	104.988752	107.672833	145.933763	131.644460	96.618063	58.692668	52.834580	47.705338	81.164807	128.204437	99.328739	74.430066	58.301364	76.795077	79.163550	137.626441	102.153390	146.036713	147.501447	186.362219	215.992684	67.442751	121.275057	123.864567	187.529086	142.179185	96.604432	99.770607	173.690301	356.531073	539.645507	657.690082	535.392543	343.777086	229.652070	138.548595	110.526857	74.779385	61.010454	141.301714	187.946270	187.132590	169.213600	196.036551	343.702948	289.571974	376.014988	358.547428	310.000761	283.688243	409.594227	491.810463	597.192086	497.738282	289.408076	177.199191	182.690818	446.501587	279.738885	181.990300	296.904721	0.000000	
3154.840627	3159.961704	1541.083621	2464.490624	3272.699395	5013.705185	3436.264147	14121.741298	15663.951050	21754.853358	43011.573731	112476.450012	36358.175581	17208.956874	10469.957014	7092.994965	7203.452064	3818.569404	3117.051665	3046.455881	2723.745446	554.877808	933.171327	1159.946664	1755.738197	659.304571	838.608833	861.794577	908.447552	794.333692	1033.173951	1167.077299	1295.185940	1147.016152	1031.175708	1678.741438	1099.897139	786.431202	786.498275	726.649704	410.091276	248.973557	229.334307	198.310409	198.915914	207.391534	195.174075	188.683589	263.504660	288.849142	498.031338	1042.393830	1713.558069	1513.346611	1417.441696	1297.353758	1126.134851	829.066695	653.782823	827.921085	761.683832	411.293229	439.179187	473.012618	348.836897	362.783258	663.308915	788.150848	892.045101	869.560728	882.539774	636.623603	661.258549	499.116463	310.187861	322.835320	337.215569	219.528858	181.615439	170.381286	296.429256	228.399479	272.602702	363.034724	340.264634	300.598519	205.809105	99.838775	111.759776	89.580359	78.491988	73.791055	97.321956	98.609351	92.764454	83.736112	99.587774	147.018356	161.570325	123.701652	146.593176	169.638350	228.026392	190.042175	178.465041	137.694699	172.122561	165.380998	116.527281	85.386111	66.966557	59.838852	98.465533	157.742320	118.288614	103.054355	83.712618	78.480856	116.174633	181.803365	162.543177	197.745043	177.925475	235.992197	256.291777	127.273291	138.286567	185.071465	203.201552	210.815563	154.308328	181.951438	226.947548	388.084037	492.149973	581.077386	536.407641	380.471287	328.392161	205.981606	160.624171	115.811518	108.139045	206.657481	228.220350	225.000519	268.822204	256.071602	323.779736	314.702518	381.343995	344.938889	354.233056	348.386389	382.042317	426.173264	497.602281	510.505285	353.658314	288.184654	269.263890	430.323982	345.134515	267.908631	370.551089	158.122766	
4007.472757	3039.828547	2066.206630	1757.910973	2760.331117	3546.977033	2128.935039	12096.430897	14225.481785	16209.285848	19656.268688	36358.175581	121773.878294	35168.371981	15466.019074	10325.063942	7983.075463	2792.423521	3587.726924	3413.605098	3227.599821	497.330534	832.183872	979.915205	1961.455836	667.080385	859.097295	1059.607078	834.369553	619.798355	817.441735	978.594306	1358.531748	1112.649626	950.916397	2215.125539	1183.919003	665.456168	886.888228	760.462668	351.124821	234.194706	156.227312	178.730413	169.229652	151.881531	169.958737	162.533538	250.389630	217.413880	381.122659	706.732613	1889.827365	1794.967294	1632.927023	1592.822347	1049.132632	597.354184	417.277359	665.552843	750.838372	276.363239	361.382319	402.566703	243.524494	292.585581	703.677497	943.585863	954.300044	890.986513	865.420999	507.938109	553.637801	415.060355	216.438212	318.824060	360.470968	184.842627	130.680190	138.550022	325.900594	197.506980	245.888147	440.615021	277.601669	287.527309	208.552699	95.114763	54.686800	67.877121	70.103076	81.413662	77.875266	61.020189	86.184053	70.574470	83.396527	141.929667	161.900889	154.344003	138.041416	146.219061	221.764957	231.635358	124.966458	118.022501	135.927942	147.351973	110.459459	65.673792	61.665768	52.503408	97.790803	127.455293	93.033252	79.291723	88.979593	87.903537	125.141353	161.672720	107.436624	167.030623	166.900025	217.347825	226.262526	131.262741	129.388336	156.686487	224.694695	163.773688	114.826287	124.423293	215.268095	483.588203	624.306199	852.781646	692.152850	426.354828	257.656125	165.701804	130.546512	86.263444	81.787729	206.259939	297.775529	251.943562	199.768337	263.086433	389.583584	307.314305	413.211222	350.927439	255.840961	273.983246	451.213747	512.787210	598.496272	536.559994	341.375929	191.897479	209.531261	458.682732	355.952942	215.552259	330.114900	54.359736	
5185.622242	2983.933881	1788.736855	1388.347139	1961.367282	2331.293420	1017.883998	11904.279981	15053.947460	15414.739227	14924.268144	17208.956874	35168.371981	130141.581156	31204.567149	16725.673161	10566.877133	2265.942821	3477.715241	3419.020896	3688.392202	274.406018	600.133184	645.039643	1936.121931	481.028515	737.257008	931.786991	647.558823	456.959842	650.528669	786.806624	1422.254723	1085.658486	776.410226	2714.651305	1116.405077	438.935556	752.884828	577.613605	236.342222	150.610441	146.819833	153.889254	165.489750	138.405728	138.352823	112.646203	192.927291	147.960443	239.744989	494.388043	2254.766985	2244.641721	2038.332583	1793.620781	815.737477	393.743490	307.728825	526.558133	650.404194	158.803140	237.712852	256.071215	118.613798	145.997773	628.755296	906.220390	1049.266188	951.895875	885.965579	356.841186	438.106121	287.576205	136.074552	200.880401	325.597988	112.106831	73.277273	79.064639	249.816643	142.748005	208.851584	415.267783	204.763524	244.459363	171.297232	56.856035	40.864431	36.855076	42.512701	41.933577	48.177842	61.811448	76.808046	61.604795	53.037981	102.344813	105.432239	87.723146	106.100901	91.115388	190.621337	209.841670	88.366352	94.347467	123.775195	111.193269	105.732067	43.320948	28.247065	42.556872	61.266041	96.977796	56.145965	69.950447	50.095963	57.738494	70.444808	131.462074	104.234244	150.865197	123.186310	164.931199	182.870716	49.982549	95.800460	104.621996	204.758490	127.113649	63.241883	68.866684	127.509377	527.418785	789.308642	833.198634	799.204824	373.225809	171.491900	110.733178	90.658525	51.096276	52.849291	146.608310	216.585323	198.603705	155.928121	226.557978	382.726171	266.978724	452.652424	324.296788	185.841424	198.788786	439.672470	617.890602	869.003463	646.059615	239.518545	132.170117	93.825758	482.403520	214.819120	146.903294	243.406289	0.000000	
5167.129857	3026.534922	1938.869836	1273.140536	1900.884773	2188.294981	1001.201730	9442.556442	10878.491250	10477.235302	9813.180065	10469.957014	15466.019074	31204.567149	123413.917801	42776.793048	22769.094419	4129.959689	6575.185512	5097.447073	5408.134051	427.410296	750.986704	772.598851	2524.193650	595.297291	808.354842	1045.250443	623.493817	480.051816	756.406943	875.444715	1519.604722	1230.736986	902.733689	2756.222695	1102.054422	466.871866	831.446065	592.108591	262.685126	161.308067	154.126201	159.482103	140.038195	146.175724	138.992052	128.456064	170.283544	166.601942	292.405745	456.388327	2346.518183	2374.459478	2165.994640	1823.359086	894.986527	399.897627	285.737234	520.472763	660.542261	172.805575	194.648201	274.168611	136.040680	146.270343	688.644117	992.491485	1126.559718	975.526844	935.202765	370.539971	399.322694	280.767153	126.831138	194.951438	316.857927	107.888238	62.753672	84.409273	246.167594	156.834347	225.302994	414.818503	260.446742	245.422557	169.068191	49.675983	41.053236	43.810667	44.600998	53.461577	45.237490	47.261907	64.302434	46.390756	55.074058	97.297094	145.196455	110.906344	80.187813	85.429152	186.942487	232.581358	100.166549	60.198049	131.993007	106.702218	82.131895	53.756386	37.254303	47.086269	44.789631	115.572087	56.082063	58.800390	58.340864	61.679915	87.645499	106.696514	80.702053	168.324036	136.036919	192.003199	210.050599	76.250102	119.574742	99.293099	183.236208	139.422872	67.872434	92.419885	122.071195	540.171817	737.505074	958.411932	887.024615	364.926953	163.951234	118.468483	103.552699	38.546274	38.392103	165.459821	249.290156	212.377202	113.875720	235.117014	435.268050	245.540391	513.323720	420.314671	221.396798	222.487948	457.767146	605.965774	820.851695	630.671371	257.323273	119.249786	101.332965	515.618749	221.820005	129.564663	272.127951	0.000000	
5165.316845	2724.173945	1636.180076	1262.662376	1826.545820	1896.456541	917.094649	7508.763303	9054.354735	8210.001679	7376.905143	7092.994965	10325.063942	16725.673161	42776.793048	139939.449498	35679.841065	4075.784765	5886.740362	5367.363017	5552.900882	511.558999	777.062760	828.828504	2620.412654	534.699980	847.346290	1077.757300	684.927401	556.833771	746.582295	932.644778	1750.931387	1276.106464	981.223672	3076.364520	1203.834087	477.757818	917.251427	647.616161	294.237948	195.505116	143.755548	140.588258	158.549992	129.523031	150.641120	133.908280	170.114798	146.781890	260.027285	470.265610	2446.114279	2610.606291	2346.713721	1958.890702	891.216391	447.750294	290.055926	596.395212	659.668669	169.020406	250.098236	300.215839	132.566026	172.880747	708.652680	975.048139	1245.983919	1042.355612	1102.351904	342.156479	397.829214	333.371118	160.956642	220.339765	302.141021	123.178656	70.692783	83.899308	293.275408	137.156926	202.276766	421.910247	248.664647	271.237059	161.650690	69.750471	48.909381	43.386667	47.504792	34.295822	59.732909	56.765191	61.286125	78.725214	42.527135	102.494443	126.132669	110.211168	81.601051	109.527567	227.356631	214.526555	87.992729	88.319188	140.052405	130.788227	87.758365	34.345891	35.848184	35.698042	52.384678	99.142903	68.029000	78.663361	39.477764	61.135680	68.792879	136.714262	74.032101	169.880249	116.411931	178.317791	208.722005	45.420844	106.842854	115.008351	214.563136	119.692230	87.831590	106.223862	145.874713	548.490280	794.223027	1043.455571	832.206302	437.535504	198.476145	101.884847	88.321018	45.205132	46.024869	155.829136	255.893459	193.860848	137.928651	252.449259	483.334569	274.245169	527.574558	423.549440	234.619121	229.634922	540.309821	667.173458	838.474947	640.699352	265.784190	116.744476	134.774365	540.274414	232.396963	144.135390	240.545847	0.000000	
3374.536178	2746.000300	1552.823529	1710.032789	2350.056486	3262.336242	2031.520408	6096.216688	5786.435968	5667.795197	6193.260305	7203.452064	7983.075463	10566.877133	22769.094419	35679.841065	118423.673391	32746.972628	13236.851260	7980.485403	6921.532018	1138.917273	1669.530103	1705.430224	3380.524768	1199.916818	1311.293169	1498.637898	1339.167592	1077.291617	1345.674410	1346.153458	1701.109257	1415.912626	1408.726347	2383.490009	1345.707820	890.474442	1079.530514	902.843382	550.568765	323.234892	250.124972	266.028130	238.299148	232.190482	235.003595	242.452250	328.160932	338.453102	514.092160	999.615341	2147.288930	1902.302419	1764.819301	1618.178409	1242.613624	832.318134	638.964415	775.819483	738.511225	445.523377	476.890563	502.664127	361.073832	442.737192	864.230638	1062.245470	1024.385672	897.580072	926.087669	712.748193	644.688303	490.566321	271.021681	361.438517	434.914932	222.737339	200.495004	224.687044	354.876168	305.869053	340.453353	475.952734	413.929880	404.488277	269.660469	121.249678	85.851166	62.426638	96.031310	110.473089	100.505541	102.720572	102.998490	101.813321	99.107585	173.210845	180.890178	188.854554	158.770320	177.077911	256.412468	285.585067	191.392243	176.033612	229.042710	208.164129	152.524362	88.304963	69.618823	77.993146	103.094440	166.480617	110.519655	117.208515	88.940832	108.650570	149.335351	208.735007	130.703408	219.386973	215.326800	248.989046	274.312725	127.225053	181.956050	201.016361	227.499480	234.491318	169.479575	195.958598	281.904433	551.146805	689.104762	827.117861	720.115145	524.266257	386.438145	253.673158	175.921521	128.759324	108.514437	249.494309	354.148625	314.624291	314.140384	385.550629	462.697970	396.813838	532.328159	382.257825	312.015125	283.014087	424.965703	499.399362	658.956011	570.185134	370.580096	237.381074	214.396634	525.239744	363.490696	287.295703	480.285861	0.000000	
1076.926588	2088.911891	1661.869827	1909.689426	2595.260566	5264.712333	3838.884369	3644.269469	1896.562426	1723.968029	2388.307793	3818.569404	2792.423521	2265.942821	4129.959689	4075.784765	32746.972628	203185.452875	14451.827598	6706.976230	4124.208527	2307.989764	2150.801842	2494.362653	2693.241084	1550.002010	1604.566398	1374.103458	1395.037340	1508.400266	1661.171719	1324.303593	935.537477	1029.380054	1265.447963	770.480901	1053.355569	1252.830202	913.560265	851.787626	767.650057	524.731210	346.780071	288.991180	317.169050	345.806128	289.894462	245.091427	455.503381	545.588380	751.892071	1282.510624	789.378105	695.634638	607.206503	622.938295	1075.345175	1001.637129	866.833591	738.709731	662.551767	675.854239	627.393923	659.379647	692.025280	697.145493	705.062597	671.277635	558.877272	507.268280	707.052201	868.700651	591.395344	552.966607	520.112130	509.741002	473.070958	332.908552	306.072549	378.070790	400.897023	466.076989	341.508084	308.651771	416.223311	433.574997	321.764394	200.729275	182.978090	189.259963	146.599901	136.942352	144.758349	144.249946	142.198648	194.191688	201.935951	213.846378	213.832385	264.928451	189.012014	226.237429	280.410592	236.718900	271.459564	264.868451	263.040262	253.268364	251.320784	140.458663	137.552810	130.983972	169.106276	203.693523	165.185319	190.511131	121.593281	167.443928	215.296180	180.048351	278.903174	219.998124	285.065219	226.212146	331.655129	235.283396	264.428040	301.847643	225.905125	277.530421	299.103446	362.566257	464.460809	389.836617	312.674271	232.876171	303.620764	410.291656	445.519270	405.157678	218.399611	232.431429	224.591289	295.770383	297.618589	269.374907	406.043737	414.741770	283.867290	437.457882	244.657468	211.836223	308.239606	325.137163	217.953788	238.979332	261.612581	268.032332	327.198224	399.430463	339.636343	282.258238	393.252370	497.754791	504.147192	0.000000	
1963.506562	2040.065946	1506.943682	1680.729355	2163.365926	2596.468606	1643.809442	3143.815983	2135.460223	2253.337430	2443.983536	3117.051665	3587.726924	3477.715241	6575.185512	5886.740362	13236.851260	14451.827598	134712.107346	48170.382302	26157.085435	1785.820582	3142.605633	3241.836012	7353.793970	1858.429396	2661.395257	2998.515770	2097.944936	1479.942419	1790.366388	1505.057942	1733.860438	1583.949918	1519.281302	1787.564191	1766.166452	1187.440725	1699.396400	1382.048706	665.624206	380.650936	261.880950	279.520286	300.066974	263.646317	257.362007	297.228463	442.785649	368.413315	657.734240	1140.484243	1522.897412	1120.570641	1014.938794	1281.039159	1354.851082	873.522749	647.313801	914.610099	953.705485	417.851186	584.551750	742.133499	470.397320	510.312703	1216.796673	1321.060446	919.373296	577.575070	825.462014	796.061830	780.129362	541.549540	388.608999	603.881963	744.034323	303.846516	203.101197	260.087531	637.010746	410.298270	613.753684	739.643038	560.873775	611.987185	465.257634	165.469536	106.984707	67.300546	111.708632	119.438003	160.218558	154.871608	194.912812	172.980921	123.379385	282.212928	327.387819	252.769733	233.715762	286.601968	398.087241	464.141908	263.658194	211.920314	375.655477	350.115377	223.751756	145.678402	85.293027	90.415526	167.815609	212.675903	157.618036	183.477287	164.109307	165.037104	215.817136	324.392886	233.480439	378.802680	318.726728	338.521215	389.188945	167.332814	283.730652	290.232379	390.411132	256.697384	243.805727	237.758387	428.784757	720.443788	605.673724	593.292944	670.140423	784.908940	527.070964	333.643745	275.166482	130.454861	108.738330	354.967261	542.189083	497.611300	375.896066	554.184398	608.684864	570.116953	476.185143	329.562752	273.632340	313.015305	372.869977	359.533630	383.744724	557.854812	540.579652	317.591735	294.107424	529.497377	453.766292	336.982337	603.521683	0.000000	
2157.123639	1901.140606	1396.397727	1418.908825	2110.603982	2210.568939	1647.669677	2876.482065	2384.829756	2397.980830	2696.324195	3046.455881	3413.605098	3419.020896	5097.447073	5367.363017	7980.485403	6706.976230	48170.382302	131907.069444	40303.340241	2134.831102	3338.301778	3857.263242	7850.146296	1985.058956	2535.747934	2629.497484	2001.276065	1542.336481	1821.276301	1752.277333	2035.548700	1769.303837	1658.342113	2327.605952	1750.227960	1223.650498	1544.037117	1346.627926	716.692578	439.276067	293.940380	308.480044	307.024510	269.335043	290.115563	277.392685	456.068569	409.122939	739.085315	1170.807123	1704.860503	1369.056672	1304.991307	1459.975498	1368.427878	912.924242	713.076348	1004.822090	986.112062	534.190627	607.617222	736.601670	464.686268	526.233854	1051.092174	1197.839030	1022.777949	823.099417	969.410636	880.223168	816.526939	654.846263	410.524464	557.807555	656.310352	368.654845	240.680641	311.738741	623.480055	426.293998	507.242896	699.219330	517.443506	508.856355	417.129060	195.923031	137.158222	119.638372	130.350889	138.218340	155.421495	140.717557	186.017448	182.207529	173.105933	297.755391	305.926673	261.276973	237.425882	239.272127	392.694930	405.176259	299.777640	231.362452	297.071797	271.924542	226.874075	142.062763	110.763888	94.414384	186.336072	264.015545	163.644694	178.688235	159.102497	171.621846	230.462143	324.052771	232.361255	322.505242	317.323473	367.637356	416.981175	187.630536	297.111202	304.985873	381.745811	332.153940	221.235703	265.821038	415.283517	587.686451	659.377538	662.265416	672.010092	647.327863	483.491854	364.990472	263.666376	165.990618	167.746132	356.676713	443.511028	401.280064	353.574415	433.636520	511.496047	488.418518	454.403692	353.168384	354.583992	356.305986	426.823810	419.056890	520.411454	548.320094	514.751002	356.361144	295.560035	560.541744	475.793620	366.408536	552.248267	0.000000	
1988.100256	1931.428668	896.944067	1095.115789	1766.594990	1893.073291	1010.781363	3040.063447	2550.557166	2530.473160	2479.664774	2723.745446	3227.599821	3688.392202	5408.134051	5552.900882	6921.532018	4124.208527	26157.085435	40303.340241	154568.984607	2595.141241	3651.913947	3610.122996	12013.967341	2214.174057	2916.260710	3441.093503	2090.221603	1396.730329	1727.194540	1774.430066	2271.463315	1965.000917	1479.144080	2753.274786	1903.308261	928.443416	1737.502180	1210.179465	587.948348	298.548253	231.492407	244.359681	269.161830	262.460274	249.160033	233.987084	432.237755	310.649981	510.162457	908.763751	1917.539317	1655.724773	1480.424543	1488.294433	1317.540872	729.711814	571.813319	924.130439	1002.666803	358.813289	512.597867	646.291977	312.446908	379.015158	1307.326151	1493.764632	1119.460826	825.955140	982.456412	729.113889	736.587190	532.067454	328.125624	574.407078	723.323581	283.241362	196.658831	216.924753	696.091708	394.965722	568.141380	871.205289	523.183974	640.213342	477.310658	153.888588	102.080450	67.832226	71.822844	91.139637	124.518012	134.748265	140.554881	136.251831	92.888210	325.854387	304.553043	241.668394	209.823279	207.482803	474.402570	437.702736	222.774934	181.400914	310.555088	334.615406	218.175469	107.395124	82.359974	76.672500	164.498268	230.985556	141.160166	188.032127	132.992697	128.928594	179.057593	303.673943	190.775320	367.148371	303.272556	343.381433	463.910517	119.050415	209.511951	249.192815	432.835422	250.975690	180.474216	188.489920	315.758746	751.879682	817.876887	779.347563	842.306652	685.353998	440.578325	240.970376	215.934067	112.341355	87.415650	332.569030	506.604352	447.652905	269.986292	443.976993	689.439598	442.696284	540.828677	384.510097	264.398373	304.955157	520.028253	535.357481	573.614814	641.761937	445.788620	280.808756	265.910423	556.752383	403.375867	288.843696	432.883542	0.000000	
