226313.004694	53939.735278	13208.246829	10610.364211	7020.692051	5218.017956	3414.805741	2502.528836	2372.691563	2501.080713	1107.324155	554.654440	446.784112	436.907966	355.114124	377.547078	354.784409	675.836067	640.555630	409.495060	468.538751	589.410064	689.557828	866.469834	673.986046	415.211161	338.105077	344.895691	593.337691	676.897538	943.401811	822.957640	803.125711	258.194837	497.457559	353.212853	342.972353	684.314601	523.521962	524.281182	347.176281	485.542001	461.630730	565.184096	732.430281	363.412987	514.224888	645.373824	351.552192	469.760558	427.336678	193.374765	196.330882	252.222191	570.613350	457.233510	715.815789	1040.942425	842.683327	1030.321686	1061.866617	1378.879671	1071.932116	437.805863	206.404820	120.232727	256.455232	184.814998	94.635499	124.358373	75.765098	209.349793	343.923294	231.186092	188.025177	221.102072	179.835294	108.673734	167.513002	323.294868	203.407994	87.079127	85.819705	67.905994	65.226023	181.722603	168.401014	95.346352	66.547849	67.561955	102.147705	156.873330	341.185166	450.750769	343.885371	223.946689	196.333188	52.792184	33.771528	45.624256	50.862452	64.356373	57.968170	67.811262	46.635226	43.230793	41.136596	44.671747	61.048341	57.303680	35.507132	105.195158	391.616567	677.351990	812.473346	566.387452	364.036465	457.605008	444.889726	446.374915	290.334918	170.825896	298.336981	155.642231	149.804231	117.095815	70.407380	112.694046	225.344745	243.983467	134.523582	54.942190	68.045907	71.880531	73.689024	102.640403	76.509208	79.337194	67.934990	72.079739	134.975894	184.515914	246.474836	99.261234	120.410148	72.351739	161.114333	249.451234	414.319321	418.694921	519.783611	274.925439	256.080764	414.979276	721.040914	696.638097	1563.447369	1657.913613	3392.022095	4947.865664	
53939.735278	161505.893859	59200.869118	23182.719393	10141.621913	6425.781087	4341.917579	2525.880155	2652.485263	2424.672833	1612.473909	1025.175569	906.169759	747.774510	717.635395	646.016140	669.714545	801.443370	676.088018	487.007835	486.271358	587.554632	498.684361	567.799729	537.102388	451.702159	487.985115	493.198506	510.098536	580.972615	877.667830	883.522175	789.493658	416.145577	535.642665	589.409228	468.859408	651.739746	667.332551	584.618089	498.667498	479.668836	483.740869	486.099897	555.091525	438.618617	501.712559	518.948332	354.976719	420.520322	459.929851	343.041380	387.569133	393.080514	545.684281	646.024263	754.590971	1005.987111	793.449668	836.314898	916.785226	1192.117754	1192.144028	1012.121038	366.044595	318.990441	324.391090	326.889467	174.383204	224.141952	183.676221	360.178073	329.327150	214.766844	192.531258	205.717663	208.108024	151.054973	203.270529	296.852321	243.077415	127.362886	108.979335	89.367049	99.608009	193.878710	141.208323	114.183888	113.869201	81.131737	113.146980	145.761776	273.847167	323.668104	248.384378	212.456435	147.915330	72.195720	81.109042	68.682893	55.780879	69.465254	73.151606	57.131380	69.987727	51.111204	51.771464	63.131699	71.356469	60.639890	100.323516	138.189850	328.684018	549.889594	567.193831	420.737208	375.746499	335.712408	306.573487	254.581569	233.006846	181.748492	214.155537	159.912313	132.548029	114.156174	92.760574	129.925264	166.824798	175.106885	116.560272	79.798405	55.733826	74.978754	66.227393	95.799408	78.939472	80.404198	75.821645	92.939627	109.784217	166.741589	165.786609	113.443422	131.484677	124.895098	199.192503	294.725878	340.406546	365.596610	428.896098	373.935342	420.849104	588.504437	831.952748	1230.854440	1594.604655	1402.887942	2170.728328	2506.649721	
13208.246829	59200.869118	154718.420092	62487.351852	13233.943341	7347.480928	4077.678867	2810.431016	3005.706828	2460.052477	2062.445571	1423.621370	1130.669142	1001.659966	937.811721	874.041950	878.056185	898.248332	766.527400	674.943174	551.819864	546.476832	425.861460	520.696587	538.648322	514.663754	609.801422	574.591377	539.211153	517.977983	974.635094	886.910293	714.957594	519.751009	597.476197	696.692722	694.741602	647.884172	760.708099	657.962787	711.403875	636.287210	494.574651	482.073957	580.478552	624.422453	546.310061	461.317858	467.638607	499.613902	514.856293	526.941181	512.724934	526.427082	596.585799	816.164918	910.787992	890.161334	817.475832	735.563724	606.302339	917.496704	980.620068	997.615287	499.096857	375.298668	456.103620	421.262433	278.074902	264.996782	178.496864	418.653362	325.842384	201.248230	193.295551	233.344267	226.980146	210.936327	264.434203	277.168587	253.094115	195.957382	146.572939	134.258907	141.719138	157.433215	145.099322	115.127178	130.677485	125.382686	161.358085	201.228514	256.434311	248.769192	229.080280	197.483262	154.858899	90.795195	73.119441	82.264166	73.619882	69.764453	61.857561	50.361190	90.480419	43.934644	70.174945	83.475688	74.732751	84.119613	137.123880	214.737350	287.715461	435.212030	468.172703	357.218523	376.536383	286.400443	276.357801	232.096137	233.160825	184.555352	209.626902	146.672549	98.221438	122.750383	115.678481	109.706578	159.732200	123.977909	122.322867	64.212225	70.536854	110.156021	116.024859	119.958243	107.992879	118.875944	103.561583	101.427627	147.186131	157.865726	193.345233	156.094395	162.457487	165.441859	282.726817	381.575678	344.507687	424.707421	439.090832	534.701397	651.603571	695.493881	923.589904	1490.410753	1278.632627	1043.080583	1379.807727	1799.321976	
10610.364211	23182.719393	62487.351852	169688.687676	38341.080550	14178.613293	5238.077452	3675.915472	3391.973508	3085.139988	1351.208392	669.282533	491.918310	456.019739	383.506725	374.907287	371.711258	630.251151	539.216454	417.542245	406.076856	514.945462	551.766454	675.091181	576.381779	381.686821	331.892179	330.991535	547.032937	578.854882	1069.349844	917.407249	833.800414	313.760235	483.796502	427.200990	400.315476	613.790367	573.104289	551.238313	364.400648	531.147279	478.510294	546.649314	632.530224	451.221617	483.716695	503.177582	366.640249	457.177489	390.457732	227.653911	213.120481	249.482852	474.965898	537.585459	874.302191	1284.646771	977.796097	1137.614504	1074.800500	1345.250822	1041.919342	421.757254	226.366509	103.026418	181.105688	172.361599	89.537781	97.368409	51.883080	141.305020	243.386541	188.736359	161.008910	163.702021	149.706430	124.552354	175.075003	267.117089	194.195993	99.779049	81.804108	56.834867	77.181551	155.419750	124.093386	89.282818	50.033930	68.839728	114.301687	132.898505	295.382367	362.675548	271.078463	213.690829	145.520575	50.982870	44.241732	38.185856	43.860039	55.060940	49.730198	52.389766	50.859881	28.696556	61.481869	48.243408	37.160189	49.026916	63.398802	102.465643	353.034462	649.202654	660.970577	510.150910	365.003816	390.583020	370.748200	344.276469	237.901954	148.127369	227.469045	146.056864	115.673842	105.721900	59.910578	124.106384	183.058204	157.529849	107.512075	52.882326	50.117733	71.620728	76.442322	54.980041	79.154928	69.807619	60.412832	64.040643	96.477990	159.461220	165.032437	90.074121	114.679495	93.672247	170.024332	270.483488	382.990050	425.288646	493.167857	332.288847	343.250879	490.517124	792.351029	950.944655	1417.533436	1217.152698	1738.560290	1438.364368	
7020.692051	10141.621913	13233.943341	38341.080550	183415.609991	63290.210466	9743.221570	4626.787934	3902.766894	3206.159087	1099.802018	495.978685	416.806856	355.634052	301.764331	312.871503	288.440907	539.236843	561.074523	365.298978	377.293785	540.660318	678.066162	800.116072	609.069847	366.208448	295.539881	272.450292	562.800232	636.785486	1046.086085	854.990604	743.160614	274.831493	434.636624	360.721255	279.805449	662.131637	513.189906	475.909225	293.149412	454.793228	435.091634	542.669066	709.726733	358.407628	497.558304	571.389365	322.612418	414.882230	358.078267	170.548811	145.991427	191.333952	446.355360	394.763823	735.123308	1353.961746	1018.107649	1415.903910	1549.972263	1761.391266	968.332395	346.347446	131.317580	95.070755	184.830071	109.603071	60.731955	55.510563	31.770024	99.678584	281.160311	201.908635	151.397215	148.269665	108.816024	91.220830	109.035554	254.653397	178.370617	69.811774	62.675876	47.837200	53.946999	158.480196	113.136494	60.960958	53.066839	56.003587	72.722730	111.185166	319.386694	433.361115	252.654602	198.554399	130.658209	41.208803	32.509116	33.942603	41.233708	42.218234	32.085726	44.511399	48.236180	23.378420	42.014873	41.210129	35.838536	36.416880	39.306817	77.802177	347.722530	800.102509	880.679782	634.514537	396.344337	412.113979	433.462251	357.918019	253.789450	126.354808	247.451935	120.956536	127.496851	94.412972	60.621405	105.055704	176.438308	191.315590	122.233181	40.547772	40.174735	61.047764	57.446919	66.280752	59.797370	57.237823	56.795322	58.310363	92.705789	166.259205	198.242994	99.280585	69.903513	81.345708	110.779802	227.748850	343.031230	337.330052	458.598818	209.055373	204.265110	277.882116	613.938111	554.672939	1310.808962	1245.967614	1607.875956	978.382759	
5218.017956	6425.781087	7347.480928	14178.613293	63290.210466	178924.070964	33492.197842	8797.623660	6139.604873	4264.207316	1480.194926	582.152711	509.440033	464.159558	400.584853	355.695536	334.916421	640.795813	631.939845	368.367197	456.269490	679.763192	800.573980	928.532340	685.532875	433.207305	366.826521	356.518601	649.135915	775.973089	1194.907476	1031.879233	901.599469	348.601809	574.890692	406.600601	366.019491	749.021572	582.458006	576.362947	354.816740	579.489667	530.627649	700.898294	862.604463	479.799159	546.633867	612.386141	384.106040	468.132496	447.355423	187.260949	209.712097	236.173522	504.127881	467.916804	876.706729	1504.626948	1388.660173	1734.718537	1560.964618	1917.850893	1156.603711	440.874257	241.233324	133.064456	244.466615	163.631370	81.682218	68.630217	66.699706	137.333838	319.511068	224.794344	192.605379	219.052655	166.659244	130.836259	156.452791	285.779861	205.964505	81.314354	62.329795	63.367812	64.252842	172.130690	154.213910	53.022246	56.797964	72.063297	87.090990	166.734393	400.211966	541.597101	373.987697	220.241649	154.181649	57.677326	44.079026	32.780031	44.776694	48.472399	60.345581	39.147821	56.108857	36.089647	38.413290	30.700210	44.338659	43.160401	56.161388	96.600165	421.899000	877.809306	943.356238	739.558785	528.790407	528.254617	505.264325	474.985725	294.918429	159.463733	282.903649	169.904103	125.413590	98.214986	62.499572	109.131065	243.893112	218.549366	125.373044	58.525627	63.258758	66.293264	67.339003	77.528320	68.945104	56.144149	75.038444	63.357682	124.983983	171.202463	242.411595	99.158412	82.426408	86.485543	139.546264	256.506613	408.980572	449.145504	520.340633	260.279184	265.697581	364.845780	711.901775	679.966970	1278.862787	1140.975033	1435.954564	993.499003	
3414.805741	4341.917579	4077.678867	5238.077452	9743.221570	33492.197842	190122.197791	44749.694697	12746.394937	6133.948408	2362.847150	1099.998314	918.214192	838.127683	643.608790	634.648143	579.856532	924.338094	903.926772	604.250864	907.079743	1124.152134	1156.286647	1293.369243	946.780802	647.892898	582.904517	595.440418	873.595425	959.654600	1200.600127	1000.541407	1132.660033	367.919008	750.538363	540.381662	397.058674	813.133901	799.918230	623.645417	353.597771	623.386618	579.625169	766.626223	949.167402	512.741708	619.670677	781.558440	402.408695	582.661091	537.158579	243.974335	239.314080	244.414541	768.869486	525.734419	906.368851	1412.994395	1062.392176	1624.178261	1783.167349	2027.536642	1510.038533	1287.835325	399.887245	314.683374	375.228704	290.228171	207.722984	207.965872	162.645152	648.872655	566.920877	437.443088	295.585410	295.674563	275.547613	162.629154	216.024751	414.447189	297.249335	108.890781	84.438478	84.448382	94.318472	253.086407	211.646866	79.943410	87.251366	91.689073	113.010143	200.951659	488.054584	693.424684	415.323333	285.945452	186.909832	79.360454	71.736594	70.705425	77.811120	65.212928	71.982355	58.402010	93.207700	66.761259	72.973769	59.842268	67.785853	75.693657	79.026875	114.455346	443.110740	890.748737	1001.616848	860.585165	819.300406	621.266742	593.071719	495.542382	284.353320	213.032701	377.724452	228.121688	205.399562	136.639311	92.684112	125.570419	336.913597	367.535040	180.367182	62.632627	65.380861	75.252749	88.736109	75.218987	96.909389	79.509695	87.297446	70.430549	191.734458	246.681566	301.671518	126.767801	118.331334	92.052508	180.080711	314.102798	467.875627	447.268296	494.675759	270.351643	221.060451	381.623771	620.853789	526.731342	952.110693	973.937586	1042.940917	826.572857	
2502.528836	2525.880155	2810.431016	3675.915472	4626.787934	8797.623660	44749.694697	169467.133962	53023.085366	13107.485293	4321.117237	1226.053904	988.278675	943.171132	638.442893	597.862939	623.783017	1235.420485	1216.132099	857.775524	1064.538309	1194.399542	1296.316832	1458.477071	1205.746827	760.755787	592.003017	578.649500	1044.066822	1176.951965	1321.623237	1314.642349	1200.332643	467.483253	795.887299	567.638860	484.200823	909.115774	886.530831	779.643824	514.687934	848.071221	765.853470	868.771743	1097.483598	682.079179	916.838064	991.213621	612.052279	792.210609	662.199112	346.502842	315.585215	317.347810	819.239328	872.313798	1274.291627	1459.413871	1279.474256	1232.393250	1289.119260	1620.428199	1427.641009	722.597965	279.448574	181.210967	394.930506	245.403721	156.604353	153.218815	93.823019	254.327124	582.523980	460.834036	350.090186	397.257404	327.707464	232.992553	303.197968	540.682843	360.057931	165.299613	117.474502	112.780562	120.748484	334.188215	288.939609	130.861770	113.877135	111.410325	156.580414	293.554013	593.788765	777.578563	580.069168	437.088960	302.112675	84.602580	62.356643	74.294837	79.040068	76.778183	77.801573	95.087593	83.794564	70.474370	72.987080	85.445058	63.369463	90.812156	89.146884	192.560682	681.195104	957.987290	907.519314	782.208578	630.771761	644.031324	652.906840	588.493607	388.816883	240.463587	433.413445	242.623306	247.039868	158.101287	134.458095	192.005079	412.717950	386.110381	236.653872	97.953501	97.052335	104.222038	112.269608	127.477644	108.135654	120.622389	108.019271	111.957805	200.517990	317.015337	371.537864	172.467500	144.723258	124.100505	252.582254	390.830920	556.091832	568.242890	529.548074	324.455765	276.160987	390.121000	632.140508	574.814908	700.754996	659.215691	786.381364	686.785062	
2372.691563	2652.485263	3005.706828	3391.973508	3902.766894	6139.604873	12746.394937	53023.085366	158577.057452	37723.775715	8775.481787	2343.644379	1553.770318	1503.016235	1087.144831	1003.636164	1048.608045	1832.835314	1745.960506	1309.949705	1193.484312	1359.592847	1393.481855	1529.517958	1405.379636	927.054890	772.297705	806.631542	1057.556978	1160.423294	1599.341403	1538.749928	1284.962269	667.564200	838.519274	832.435339	724.480853	1026.168936	1062.643786	974.648417	830.341143	913.896319	905.033017	971.021149	1124.859749	1047.518781	1011.564165	1072.364291	894.074286	918.556278	863.967394	569.627018	542.827117	624.707509	901.249720	1254.159794	1623.296681	1618.314640	1468.809684	1203.298998	1241.198054	1771.298778	1594.429201	899.225575	432.534744	288.360041	617.134208	353.868048	205.519859	214.845218	131.880517	309.207367	644.005563	487.457384	433.392826	456.620579	444.301075	366.767146	444.547570	613.496749	459.712997	233.873153	197.462166	167.536458	199.410863	351.336355	303.239836	224.763114	161.505292	217.640984	256.033538	451.507146	653.900431	720.809785	632.760594	519.398687	305.746721	132.972959	94.121730	110.268867	89.816824	94.055120	113.405404	81.420928	129.410386	112.930929	88.060088	112.765280	105.108753	124.031548	161.590001	353.313243	770.889236	1036.217123	830.584440	684.319734	650.721763	544.644208	543.947018	507.709742	434.382838	372.820702	448.818535	281.127177	229.305010	191.123153	200.261331	266.635170	436.673206	394.618615	246.712244	126.924440	129.155574	154.822699	172.802791	184.564598	153.039527	183.746158	176.733890	144.935844	235.393163	370.799404	407.167059	282.693439	233.316347	234.339043	343.227296	512.381468	607.102942	603.550753	586.686800	484.066336	426.366676	515.165511	694.916919	697.309546	741.961866	643.988511	646.610824	645.061322	
2501.080713	2424.672833	2460.052477	3085.139988	3206.159087	4264.207316	6133.948408	13107.485293	37723.775715	161368.280605	34406.264877	4185.386574	2378.086697	2595.980456	1320.375017	1181.114202	1403.327874	3607.805796	2947.620048	1482.279844	1591.558717	1986.550850	1846.398034	1970.495363	1848.253952	1084.661622	712.064663	722.019439	1450.756697	1543.981659	1886.740168	1697.296518	1544.266274	532.253106	942.058971	716.386714	588.051564	1370.273328	1123.813603	1198.571686	675.200066	988.390772	864.226987	892.973754	1196.542845	706.103050	950.960598	1258.770015	874.774134	1166.170993	1155.263515	605.803954	504.711893	647.111437	1365.269193	1373.861886	1801.036311	1714.811575	1177.338913	1276.733263	1384.036238	2704.196313	2983.596109	1420.438538	552.386426	404.753876	695.888750	426.047729	205.513040	274.348841	137.609887	300.980682	1116.557587	754.277961	594.633925	672.410716	598.077758	443.115246	576.302717	948.481114	704.850066	282.789265	233.557860	192.593332	232.458256	577.635034	508.469565	264.048605	177.678818	244.532319	293.493858	582.878776	911.490103	982.488616	851.272213	776.059011	531.411203	149.784648	98.161665	125.532699	103.039180	119.785799	122.496045	116.240176	145.513984	101.949477	117.409556	109.624147	109.814124	135.035785	170.982621	404.171366	1191.795448	1162.624569	912.759332	658.668503	462.199469	518.050518	562.634221	646.124382	559.309479	331.122390	609.515825	337.776325	291.866815	211.131826	161.406029	292.605299	566.771133	534.994026	370.736160	132.989180	131.765687	171.840919	207.356470	216.106933	220.467594	181.330143	168.027570	151.676968	271.787752	480.753753	529.126989	250.501567	246.469605	238.891932	373.718293	566.488249	707.561931	549.198772	631.421084	323.300138	286.289929	467.829357	674.630125	492.826953	675.400088	570.406855	708.804353	558.831319	
1107.324155	1612.473909	2062.445571	1351.208392	1099.802018	1480.194926	2362.847150	4321.117237	8775.481787	34406.264877	125762.492288	33085.576209	13676.354408	12522.315711	6173.578584	5467.530553	6138.633026	6364.467129	4361.856723	3216.220551	2667.267911	2076.177574	1193.155001	1030.215439	1402.551013	1765.088524	1847.280267	1902.947494	1391.551257	996.753683	1087.403685	1237.737004	1056.751250	1118.939190	1244.234018	1330.996047	1264.109337	1006.775760	1376.971185	1482.329922	1551.835624	1158.916738	848.168564	590.372546	628.771909	869.664306	826.159908	787.513167	971.646249	1079.045434	1520.340931	1687.264451	1661.347423	1807.010877	1646.060587	1684.788175	1369.573850	743.851618	640.501799	438.894715	425.354693	878.572677	2292.307000	2972.317936	2108.991014	1647.096595	1733.015889	1526.690130	854.237345	980.952389	568.027506	1379.382963	1350.498488	824.087973	927.586292	918.231670	1020.807181	944.482693	1005.402092	906.219634	944.137147	895.682280	691.519302	595.535726	595.287001	649.436430	630.152605	660.845564	602.464714	661.028509	712.297333	809.954055	582.811550	388.185691	576.171305	688.546298	605.096431	417.979813	374.540620	324.605856	348.810676	308.571619	339.089104	286.370566	361.831040	305.916846	326.853182	366.194261	441.726738	455.484126	747.952747	980.937357	848.093068	407.463259	250.876168	200.707264	249.857384	221.581748	206.401960	236.422797	319.301893	427.979671	377.773607	416.098114	347.550616	388.147314	416.354318	434.545386	392.237071	338.416713	367.604149	326.657076	271.449939	330.424381	401.091922	455.715451	449.380490	388.203741	410.216380	392.392438	458.217633	432.887978	419.532255	540.056558	577.334497	529.033578	727.397692	631.318186	448.799023	382.531294	362.441515	456.524710	515.138408	582.951523	486.036475	473.194092	265.766847	207.297328	224.565272	300.956750	
554.654440	1025.175569	1423.621370	669.282533	495.978685	582.152711	1099.998314	1226.053904	2343.644379	4185.386574	33085.576209	129549.683476	40921.408954	23690.948332	13930.177898	11767.248452	11750.081760	4333.193492	2822.193623	3013.846966	1842.777318	1051.468897	424.495959	395.561240	698.744857	1226.123415	2397.584325	2373.772882	643.848717	385.247680	512.190374	680.591851	471.824256	1153.329857	711.242248	1445.217592	1304.579237	384.218551	979.445366	976.572171	1692.539104	731.908449	507.542835	303.075558	281.787081	778.830651	478.215315	290.444267	698.362154	510.957945	1009.380682	2082.688403	2568.751927	2034.215143	824.018671	1109.003727	602.357748	230.460235	249.100147	151.024812	106.498294	232.161467	794.585634	2434.464306	3456.056741	3162.227954	2396.408810	2772.181829	2166.611368	2219.173526	1715.702166	2775.266224	795.441610	426.218893	718.517913	569.345573	794.668117	965.209306	702.460475	359.833262	523.498194	1157.114529	1000.963751	891.495614	832.113598	328.764915	322.246892	780.862362	962.620461	804.779532	766.696020	522.788063	179.739260	77.432666	206.996592	315.971324	382.933661	607.505130	703.727901	611.009902	654.457983	545.635634	563.570654	498.903922	539.167646	545.244762	674.790263	716.389875	726.218964	853.901412	1164.359885	848.290922	245.246548	101.577824	58.067762	63.811364	128.185721	94.286961	77.764102	64.099737	109.897424	273.359698	129.332907	239.925230	207.223785	321.730910	514.304166	342.868125	147.281855	137.375940	188.164244	337.814966	277.492201	326.179516	389.430286	382.969117	386.433138	435.104617	550.018769	533.804683	353.107610	208.364822	132.764972	441.467941	544.405744	742.619025	632.120426	354.981680	163.404279	152.233475	121.402357	353.578961	498.837725	395.985204	206.599145	309.437782	102.644544	71.353383	83.609177	104.644536	
446.784112	906.169759	1130.669142	491.918310	416.806856	509.440033	918.214192	988.278675	1553.770318	2378.086697	13676.354408	40921.408954	136118.956249	37240.047285	18250.092124	14929.736793	12876.831917	3768.456520	2417.829526	2870.165419	1696.422997	969.317551	383.523354	349.128121	589.234206	1097.090271	2265.996023	2261.144346	534.821731	307.334580	346.087691	575.025390	371.486381	1065.454279	696.161602	1364.546224	1286.991576	454.912913	852.264028	826.826394	1516.639267	613.425316	444.980490	245.487570	250.357153	684.717251	402.932209	271.756624	546.282155	461.837177	847.955386	1932.973031	2540.772637	1841.422078	632.632244	818.393578	467.319210	188.347282	201.014330	117.921739	116.961800	175.636369	645.012687	2152.826133	3594.036791	3371.844710	2532.816119	3266.836068	2653.530944	2878.701030	2092.459278	3016.354635	694.558560	319.332046	702.186463	503.797446	687.803854	764.978446	513.670754	268.752049	407.683832	909.128776	1046.700136	820.716308	769.845889	272.143839	272.169744	611.010220	933.927453	746.798869	630.583400	393.779187	155.441021	69.288037	150.726025	218.485574	292.754493	708.800719	876.729505	811.835479	745.940582	663.796420	662.503913	583.986076	644.391331	688.435375	786.422245	860.426927	933.619233	980.136860	1105.604087	609.162317	197.904623	80.644498	55.902846	54.034130	107.751035	70.802237	57.149752	52.964170	87.606785	260.238482	110.467303	218.911897	172.447379	331.177752	503.602108	293.282408	100.481164	87.392387	160.419986	328.376919	320.594564	287.406950	380.055384	332.763689	439.928755	443.635834	518.681009	450.040791	291.838207	186.157740	98.807083	357.023228	445.477430	652.599876	432.967198	234.927207	128.972321	128.300871	96.339460	254.035877	331.199842	282.303321	158.306997	259.522697	69.771416	47.919750	51.075868	116.110713	
436.907966	747.774510	1001.659966	456.019739	355.634052	464.159558	838.127683	943.171132	1503.016235	2595.980456	12522.315711	23690.948332	37240.047285	123122.640621	35996.485884	22273.686080	18790.066384	5666.807348	3280.953361	3409.482852	1907.303922	1142.583425	420.464835	381.935241	678.062348	1131.547806	2326.092541	2226.818207	601.876107	350.436683	487.276561	560.104441	426.165020	1061.263250	666.748787	1280.702631	1177.937093	379.549069	853.317022	793.123154	1435.434361	631.401729	433.486720	221.466498	276.444089	680.929201	360.116345	290.883204	592.840923	452.040520	849.519890	1874.955988	2272.602609	1674.149896	642.218218	786.750224	452.681169	200.731951	179.587767	102.658985	103.417318	183.316454	637.173102	2094.151184	3661.171278	3166.675652	2490.672098	3084.058753	2437.439181	2668.582038	1964.248737	2725.994671	681.424994	384.716416	597.896954	440.476947	633.197420	760.087638	503.214500	274.405911	381.265117	962.817209	884.213271	901.198291	723.104612	247.126096	305.140162	549.675054	893.137071	706.545614	600.220885	427.121072	139.745628	73.575509	155.729024	224.119547	336.132083	722.100258	701.102816	793.865203	739.610149	679.463930	588.434919	580.743755	679.823189	656.767107	855.448051	833.915371	869.003245	894.615618	1072.490500	630.616125	191.381744	75.396628	53.209144	48.512318	105.617130	71.212755	66.361141	50.988207	83.405903	225.398127	110.683007	234.749271	174.924416	290.936352	469.483870	266.964574	135.290153	94.418745	172.225432	332.014062	306.272686	316.549122	328.730920	355.652447	379.591893	405.734092	439.852683	434.420400	289.765758	173.723573	99.968590	352.092654	427.657077	647.483256	437.309415	231.703710	113.554949	102.726616	78.344760	279.252014	355.362402	263.319064	147.992661	192.564847	57.619965	58.500702	43.636028	100.512655	
355.114124	717.635395	937.811721	383.506725	301.764331	400.584853	643.608790	638.442893	1087.144831	1320.375017	6173.578584	13930.177898	18250.092124	35996.485884	132433.530349	41625.865499	24820.329731	6002.614458	3375.139519	3708.044894	2132.941526	1205.468214	434.342903	439.842966	679.188572	1200.703824	2431.984383	2446.618245	627.740252	397.594271	416.327757	618.596446	369.894342	1039.464657	686.595697	1306.082076	1268.556643	412.747302	845.207041	856.001866	1515.155345	631.679970	424.940371	207.458320	270.379716	691.190332	334.466567	258.489410	554.644240	447.744297	804.908112	1766.911039	2380.113580	1649.634018	590.941183	785.198928	402.598434	176.578119	177.880953	97.917259	123.165212	176.640120	495.805804	1780.028626	3408.121199	3359.414922	2367.753437	3387.936239	2904.407536	2881.361764	2246.150219	2604.508351	530.944976	316.246314	617.851494	426.260956	608.934250	714.758650	506.454965	209.225752	384.026792	872.971671	1061.374456	911.563475	761.328278	233.065556	228.838926	594.553751	1013.687612	705.604738	590.587825	393.729409	115.677462	65.401756	156.063659	245.627272	306.440708	720.026906	909.178882	840.130252	914.362693	743.849025	714.451969	719.799426	706.696863	787.662884	817.860960	895.672051	991.655844	1051.320666	1118.134404	594.675044	164.544393	86.471640	47.912219	50.877798	106.792783	70.535944	57.797456	45.912374	87.402380	235.961551	95.013593	194.692271	177.821447	276.209447	509.309661	302.202657	106.086774	115.103240	177.746153	349.918487	322.622920	316.231954	348.864257	309.902782	443.661388	411.475054	448.191613	461.680695	280.039858	139.682376	96.293203	348.746343	429.713877	663.996065	440.234721	221.413421	116.256412	117.619607	80.186838	227.908452	348.578707	252.229912	125.793771	177.693009	68.486809	35.820365	56.925626	107.215636	
377.547078	646.016140	874.041950	374.907287	312.871503	355.695536	634.648143	597.862939	1003.636164	1181.114202	5467.530553	11767.248452	14929.736793	22273.686080	41625.865499	135090.800539	39454.506686	7206.642136	3741.212881	4236.278379	2379.410301	1300.098929	507.727004	457.480996	685.104200	1298.998720	2619.871884	2565.645736	646.084326	412.475616	477.894451	596.129737	389.434232	1083.464154	634.795972	1437.169355	1400.054075	311.926270	743.760649	808.719371	1476.561377	665.464804	396.124880	282.124190	289.148658	674.289578	393.779142	261.967713	595.897556	405.945010	802.857844	1888.785146	2438.377414	1695.799699	569.167317	781.578593	419.708670	209.705480	190.216880	93.407493	80.927472	166.698218	539.150472	1883.021915	3528.179185	3313.414271	2347.529472	3422.250924	2717.902981	2974.934649	2229.932226	2594.826749	600.188361	355.067951	542.630890	403.396356	647.832821	731.466894	496.135054	217.259608	358.625809	987.194753	1003.610931	887.300162	744.182790	263.790039	235.526147	601.186897	983.154704	706.007333	628.075252	401.569800	106.373151	65.761962	139.588655	191.177054	276.852262	698.307642	875.877511	863.956378	851.768911	729.289597	714.949621	657.264124	740.755579	744.268807	871.149794	914.276472	916.492470	958.950614	1156.575693	636.666476	165.450637	73.115272	50.103144	52.105383	95.327990	54.805240	41.022904	44.626400	80.660434	242.736388	97.636601	185.696666	149.000680	277.730696	485.674026	326.375738	107.793910	90.936357	166.730133	327.411967	319.558008	326.092106	358.170621	318.912950	388.136461	417.360020	422.965876	457.648042	257.045995	161.824773	88.602680	348.188883	450.545547	658.268403	431.978566	231.782172	107.392908	107.003846	90.165176	233.330291	303.689286	290.312918	137.985373	193.424377	58.430066	46.611075	42.399369	69.303944	
354.784409	669.714545	878.056185	371.711258	288.440907	334.916421	579.856532	623.783017	1048.608045	1403.327874	6138.633026	11750.081760	12876.831917	18790.066384	24820.329731	39454.506686	129953.021392	17760.864299	7336.665420	7135.963568	3773.924869	1877.103525	655.043023	616.005291	1001.979152	1691.834470	3265.274295	3204.271090	747.180969	423.965346	565.202848	722.415368	466.872752	1241.874557	783.716246	1539.001479	1310.564912	445.479048	917.644950	1016.039828	1709.092910	742.911568	498.564549	267.686621	323.941957	773.047499	462.709171	325.765690	696.513549	543.677518	1020.400009	2215.153732	2773.412360	2085.409918	768.145056	936.827636	529.228164	242.570734	254.792943	128.386927	114.934530	189.973725	662.161384	2039.951229	3316.203757	3016.298084	2269.813900	3178.411321	2162.823868	2394.093484	1905.967574	2475.686699	742.879322	404.484819	691.473159	509.859566	736.327465	875.279092	624.449099	318.596289	455.475226	1055.506904	1064.203344	876.031698	821.872657	317.062421	320.362547	688.796638	980.375603	775.802311	681.445760	471.698473	130.855750	77.754485	194.689756	247.312412	398.510624	707.539093	908.129352	755.347818	694.434801	649.431606	680.367015	613.768652	728.634590	719.247760	826.990308	850.344566	899.134989	877.933669	1100.119920	766.773246	226.730961	89.657868	50.922315	51.013403	120.188939	68.580795	65.905632	52.172711	103.241626	271.169066	128.767258	209.712588	204.582538	343.456195	521.768587	307.216566	148.917339	114.379579	204.534249	388.210275	358.888888	356.203190	393.978604	415.114213	459.923335	446.251089	529.723376	503.563476	330.885042	209.067120	131.162066	417.634064	548.701027	739.294171	594.066641	306.141890	117.513964	126.356893	82.129605	290.838415	407.569329	334.691824	191.799547	232.106967	45.779565	59.155496	54.963374	120.299184	
675.836067	801.443370	898.248332	630.251151	539.236843	640.795813	924.338094	1235.420485	1832.835314	3607.805796	6364.467129	4333.193492	3768.456520	5666.807348	6002.614458	7206.642136	17760.864299	141016.328466	49401.649547	14930.225980	11822.978869	7848.757017	3067.995892	2213.512024	2544.978272	2488.839171	2361.005456	2395.099505	1755.460736	1335.974724	1324.178004	1331.300010	1031.966876	980.918112	1263.650289	1260.071239	1117.209090	1234.557986	1406.174280	1473.556329	1361.166006	1062.449565	752.900826	613.682904	670.180467	783.387039	730.298571	726.103949	857.270811	1006.059810	1413.023618	1395.641004	1354.364381	1484.480339	1393.542752	1383.393469	1100.313264	660.117690	494.869196	392.697547	371.549839	780.130404	1661.549586	2003.938641	1359.522155	911.352959	1443.450778	1137.591817	559.849347	618.142050	426.535505	783.398652	1108.842677	737.978437	710.970373	703.891976	801.978710	819.772190	856.612913	817.743585	814.216458	776.691013	599.861059	513.669925	537.518981	621.008225	637.813924	578.016393	489.927354	565.368288	601.385185	761.721795	557.148595	376.565952	479.098408	604.985448	699.457217	362.463046	289.435404	275.989716	278.274900	294.382093	308.418030	277.529176	361.150404	265.244088	316.510127	284.053421	325.532092	385.407191	527.515921	806.785846	734.378330	343.720428	191.334473	193.701294	244.180868	190.474468	200.304001	245.596068	309.014602	369.133755	353.641321	362.006623	346.461149	352.234669	314.214085	376.616280	347.674558	326.046840	375.817257	295.912470	276.572031	341.338430	363.002124	359.885824	388.343081	400.996889	304.599912	344.326292	408.178000	418.434528	362.774461	411.921859	451.778943	405.257594	531.552213	477.764485	380.944303	322.388275	319.455997	326.362707	373.659190	435.766909	327.519032	312.245930	193.382298	164.394286	169.951000	209.548709	
640.555630	676.088018	766.527400	539.216454	561.074523	631.939845	903.926772	1216.132099	1745.960506	2947.620048	4361.856723	2822.193623	2417.829526	3280.953361	3375.139519	3741.212881	7336.665420	49401.649547	127824.941142	36190.405156	25344.355652	14834.984776	4691.097715	3178.781575	3030.071138	2862.880501	2725.154575	2649.097275	1856.446770	1462.009273	1214.710123	1323.766495	1078.691707	997.273071	1257.792930	1172.610056	1067.112165	1162.684167	1287.526872	1212.105914	1303.718312	1081.617450	718.981806	674.254019	697.213839	904.812521	817.837712	768.673420	785.866254	924.000558	1248.660417	1257.660698	1076.206542	1287.242065	1302.833566	1290.338357	1074.628762	642.170212	529.015600	464.937627	467.584904	761.063183	1429.229028	1449.710683	883.927966	666.913249	1142.885857	877.400613	475.759034	526.837825	353.960490	670.958820	960.346344	576.178781	594.836755	635.130523	736.191469	716.121177	740.679430	712.134738	714.760837	584.235184	465.528632	395.497789	418.032140	598.766582	529.124276	455.216648	412.512315	466.288758	548.710961	684.098720	561.473830	445.775930	516.593903	522.440213	520.373391	288.689777	238.948062	258.413381	238.940057	235.183751	253.213466	216.684202	294.126026	240.038051	275.576049	250.549950	257.874240	301.027463	410.559771	673.416718	699.489067	356.083169	261.651966	203.896930	227.912523	218.088490	236.200231	244.506863	301.710029	325.577750	353.337833	306.203216	278.136954	292.980420	267.347180	287.535081	345.467432	332.862032	311.005640	236.466199	255.271982	302.941979	333.351765	338.459037	324.009873	323.208799	283.658086	298.233574	313.910340	385.906156	343.706200	388.394285	439.196718	354.386462	471.409169	448.601698	376.828744	322.005037	336.243813	373.898750	372.701199	377.254095	340.494563	291.231822	210.245678	162.963583	189.856560	237.289586	
409.495060	487.007835	674.943174	417.542245	365.298978	368.367197	604.250864	857.775524	1309.949705	1482.279844	3216.220551	3013.846966	2870.165419	3409.482852	3708.044894	4236.278379	7135.963568	14930.225980	36190.405156	130650.774866	55588.598953	17733.347560	4117.354337	2589.072694	3132.424530	3818.895420	4012.932488	3725.809887	1686.866805	1044.838419	971.735674	1197.668188	837.424424	1300.675547	1209.192816	1506.317593	1384.134687	607.518808	1237.857632	1269.480335	1713.153410	985.465013	731.329173	492.933212	545.405309	1030.002186	747.601973	659.079838	987.341744	850.461081	1223.252078	1730.325789	1560.765453	1700.345575	1067.458895	1362.168774	877.389607	438.237131	470.335508	236.791073	195.169279	358.579150	784.150335	1237.278717	1316.069812	862.926101	1184.747571	1116.245072	570.616853	697.986832	441.117217	708.913425	690.267501	545.668548	692.921048	581.478518	784.025048	891.023751	795.984154	467.829583	560.126308	780.723754	594.620860	529.128671	585.930406	396.882379	435.421320	610.043899	570.291860	607.288206	674.723767	651.299197	328.583689	229.639486	367.488469	357.500772	373.459945	408.042334	313.929199	323.165366	286.481462	291.991878	298.675246	303.927299	336.165362	314.409155	281.565382	340.011177	324.700776	421.875501	584.746406	806.111885	453.368658	219.851934	133.019069	126.173194	213.557963	164.063926	150.839419	131.215910	197.487889	386.836191	220.817157	293.428225	258.757556	380.046977	396.670510	330.165030	223.404761	212.314057	277.617925	292.343951	319.799432	332.942487	387.821645	414.179151	384.791011	402.605696	371.087244	364.174968	365.302158	310.769991	250.723574	413.574497	485.844436	526.950991	567.648451	484.603594	294.824702	290.417550	249.940823	441.567351	410.728565	405.787270	273.349534	315.486581	122.862600	118.718629	96.409710	177.180720	
468.538751	486.271358	551.819864	406.076856	377.293785	456.269490	907.079743	1064.538309	1193.484312	1591.558717	2667.267911	1842.777318	1696.422997	1907.303922	2132.941526	2379.410301	3773.924869	11822.978869	25344.355652	55588.598953	125847.367351	51212.025364	9716.481409	4605.534921	3836.077623	3700.094751	3253.562792	2867.817041	2093.068719	1405.844663	1092.602484	1169.251706	1044.990110	942.877382	1309.166288	1148.968695	992.129165	821.236861	1257.999951	1031.855684	1072.806343	935.805446	677.156934	548.746621	622.754948	757.211977	702.054220	740.250306	808.816596	806.760520	1048.500660	974.320870	925.050270	1028.481901	1236.306230	996.264213	770.818642	477.377232	487.630217	380.054002	359.119050	522.823424	1042.195908	1311.821089	693.103727	792.178289	851.977316	711.332100	382.319877	415.610017	276.679417	663.118833	728.377737	591.280242	606.811065	563.815059	643.385083	557.742673	592.058655	561.714752	536.000618	450.915038	404.320677	311.602521	345.881449	464.168317	461.968554	375.382426	324.026419	338.499372	403.658361	512.323590	438.103526	369.004152	422.034569	417.920962	364.628527	259.246067	190.650527	197.066678	183.863634	213.546286	186.991502	185.196034	246.566322	214.123150	202.681631	204.646559	209.425368	240.780368	313.117316	503.371953	499.875580	299.517873	179.997685	193.187402	278.924560	206.633561	226.913077	194.808641	222.429380	279.752450	297.421720	298.540503	338.037439	287.318789	244.734508	276.283160	290.440669	333.056891	269.225242	217.358055	220.880383	211.106073	271.203618	284.032397	300.955156	253.405337	265.313535	232.174600	320.608602	325.939032	343.779874	322.206883	356.320345	299.993542	390.614650	349.213911	345.980344	278.757718	287.139866	314.343388	289.062793	320.513588	273.253113	236.676038	169.215186	182.675211	149.420183	180.914780	
589.410064	587.554632	546.476832	514.945462	540.660318	679.763192	1124.152134	1194.399542	1359.592847	1986.550850	2076.177574	1051.468897	969.317551	1142.583425	1205.468214	1300.098929	1877.103525	7848.757017	14834.984776	17733.347560	51212.025364	152714.002171	35315.989127	11417.980322	5830.660010	3796.694170	2618.329220	2256.483327	2476.677190	2000.687786	1327.253876	1351.030196	1283.592726	751.799152	1321.190812	944.629661	708.330397	962.566601	1118.836773	928.928787	794.977090	929.484078	736.418800	727.308390	742.151871	597.728543	788.243657	903.421438	723.728666	812.991926	934.753182	630.363679	557.949529	683.560830	1233.641540	857.808773	888.105896	769.527713	530.768554	632.303191	674.129793	855.126875	1143.561426	970.298762	478.346543	431.230597	758.401572	460.945057	208.194422	262.377958	159.624411	464.303971	762.487512	600.187960	503.758867	541.312712	478.017184	414.461047	466.382444	638.455911	558.631512	296.304367	235.719784	192.663010	216.318571	471.774568	434.814026	275.661463	192.564325	254.152242	259.887246	396.069689	600.959572	624.203115	543.192700	432.163517	318.428303	147.443519	130.443447	148.938490	135.734346	154.670908	151.134953	103.761743	158.295912	137.038854	131.652727	154.734657	138.265062	145.590577	194.749113	339.766886	586.774254	455.678642	373.445851	332.627156	335.465664	304.502034	314.730472	289.694820	278.396096	284.138564	369.294211	273.260162	297.897479	279.206336	162.263753	231.845910	350.354372	390.419868	257.847112	170.833643	154.543550	164.821509	210.863667	218.841147	211.788545	204.294714	186.140530	161.906097	320.419761	334.802195	391.516484	242.146877	256.599987	186.889252	291.441371	327.130597	419.116600	354.626809	405.488905	281.591951	235.008707	278.392994	318.679413	206.079857	237.204441	231.859424	251.333180	229.067666	
