163710.811381	58193.774607	12845.202730	3743.312860	2010.069435	1796.826431	2111.474143	2265.699099	3268.957730	1814.321926	596.031862	817.772003	601.403883	781.414480	1335.313948	890.296789	1048.761985	279.393202	521.485978	319.543251	591.684771	1503.898018	505.784882	338.266565	287.548928	709.541144	755.665569	291.665189	222.996520	319.165106	320.877927	746.909448	1076.992712	758.062657	945.898774	1263.018713	976.939346	833.580546	1008.129245	831.386154	580.688875	496.896354	280.031608	238.737451	149.918650	144.820756	158.367472	77.137281	202.149745	161.878437	297.144267	320.493749	282.708935	166.334426	172.654126	133.086359	145.168608	361.930859	318.190841	165.948619	227.849442	172.073682	101.272982	147.691396	170.968065	155.030143	115.980782	263.576180	379.254046	763.278364	796.820381	705.865501	647.424902	658.398624	546.266880	773.241340	725.061819	713.382597	604.451001	636.821273	460.640588	514.669688	291.762353	282.986417	359.099433	336.271219	342.318818	208.349971	171.886510	357.402249	381.589473	277.259667	254.108813	267.299142	256.177938	297.969201	242.647474	226.538907	388.901528	324.298872	214.661381	262.507335	178.289726	226.675610	143.883152	156.264032	154.638899	216.395500	150.109516	166.253785	211.471030	96.964065	230.554361	178.665732	87.573779	149.798340	150.783837	35.676282	89.013087	125.253521	125.362626	104.108148	129.386878	171.245906	188.293557	205.389758	128.420163	206.527153	202.593653	228.086649	164.461806	177.662900	233.806090	226.949804	176.074400	191.563752	234.839529	122.538883	202.405854	196.771620	188.406047	159.825072	181.431103	180.630434	144.090718	110.806143	156.856617	147.591139	174.504158	133.284486	154.014434	145.243431	103.975171	87.373882	107.052294	142.875692	183.533516	118.521273	134.561945	135.258982	45.808629	47.381126	69.329264	98.489298	104.755997	122.483936	89.734728	98.315557	59.083047	41.309129	109.595017	104.431099	58.324477	50.921480	122.621334	102.441682	102.855064	188.935228	98.403859	132.539926	117.445366	150.195922	212.658684	192.984464	115.513920	157.839432	414.868801	789.865428	206.691059	211.581499	157.934457	108.306782	78.474453	
58193.774607	135648.416954	23550.446724	5793.034802	2920.414621	2324.742106	2957.924310	2960.027976	3974.005658	2275.723215	870.974842	930.183662	1121.165349	956.545606	1502.766311	1202.231804	1080.752306	546.120286	655.499325	508.627448	830.360181	1740.510201	693.513528	463.560042	413.404530	919.681919	985.838749	493.628653	374.870344	475.308255	552.813816	893.035108	1192.823104	911.989385	1143.088826	1326.889195	972.043906	958.705084	927.167972	1028.314791	725.667282	572.722283	459.100815	315.359030	238.229361	228.452998	178.562241	136.195087	254.114503	254.353838	302.216636	371.786524	299.801965	173.391810	223.697692	205.338617	192.009558	375.799411	474.604294	283.473592	281.606790	198.933174	185.432126	200.500700	214.826936	229.512954	247.641840	357.700184	538.174736	790.554541	781.827437	714.339929	736.428682	716.088568	711.743090	704.932996	700.609394	656.580304	581.047699	654.641380	582.561227	579.303155	414.806587	419.027070	467.247065	428.914659	411.331028	288.843537	261.222913	320.776825	282.018794	377.288141	331.935057	328.768041	284.637221	331.815133	290.956182	247.395970	372.968418	299.138431	254.903017	230.027411	249.734840	218.740430	182.769751	193.131975	161.719815	245.553948	194.895370	225.906347	171.872124	149.367230	185.649172	177.133932	153.725612	185.140807	186.986288	95.808136	127.552776	172.005600	164.504077	176.326600	175.312682	258.681593	267.702145	248.511965	255.713621	218.029335	202.168607	210.554910	254.886451	240.829190	227.964285	239.220874	255.136322	236.760085	234.039692	205.475926	196.306271	184.794598	173.081724	192.468230	194.338563	157.385020	199.456953	181.330673	155.352593	159.142078	168.635211	168.709785	159.439819	154.063289	142.784903	102.249810	110.257943	172.660766	181.468197	184.849398	176.443197	132.207231	104.522632	84.086051	85.686370	119.472047	130.004266	146.672355	101.482769	133.591596	95.045451	93.859317	116.101859	109.667243	81.550915	118.878300	107.157861	125.204331	134.184369	157.115698	171.699727	189.012177	211.134078	190.007362	222.762024	222.831267	147.093828	208.497201	469.826005	596.943646	286.994265	195.856486	173.508008	170.367267	92.370683	
12845.202730	23550.446724	123369.436243	32500.654814	11327.904405	7014.148927	4482.959485	3407.911892	2590.025326	2535.965781	2344.426257	1950.106127	1955.802584	1832.119159	1176.973428	1467.756331	1019.474258	1190.902452	1130.806011	1289.923182	1158.790987	939.114674	1176.209952	1074.964597	1079.173725	1160.900659	934.475528	1194.758693	1139.690304	963.801239	1091.120130	730.092254	652.003765	797.579740	800.835478	881.537993	1003.322423	1202.215456	581.666903	833.967517	749.125515	869.579384	737.731262	533.384387	743.210723	812.504963	574.886851	589.288879	537.093654	496.511933	412.580322	410.296482	481.359342	698.018039	555.890188	616.966326	627.743200	506.740470	364.092781	640.590030	531.708516	674.004448	609.855550	497.236453	393.680507	480.716383	724.789105	741.964915	1026.041071	544.797029	396.997503	354.730059	322.220130	316.024823	280.869730	295.030358	279.330096	296.997326	295.307809	309.470726	530.406131	456.039605	671.642569	840.628569	533.785447	396.801099	294.731746	513.758445	314.654223	255.282057	253.512693	234.337491	225.125380	276.402344	261.837407	393.574789	308.381466	292.716052	228.821701	220.935421	229.331436	233.785496	274.978124	250.348031	204.802426	247.362672	200.608489	221.623823	477.980149	315.946624	284.599379	331.790287	181.267504	286.424589	417.381814	201.269294	261.797824	496.243635	327.176493	218.733447	223.866179	368.591517	310.522103	277.690337	220.319874	196.834044	206.856321	135.356221	156.231163	150.684769	228.590846	267.650533	170.611736	160.469598	145.713741	161.908039	98.648702	153.388326	142.228208	122.143421	147.490975	147.527794	135.988797	125.243496	166.986015	229.593580	255.898393	185.556204	106.202543	98.982442	113.987542	165.679677	277.860891	315.401915	310.817239	224.477539	140.588026	221.479202	286.246186	226.215446	243.037859	239.560340	246.582244	234.239986	222.300436	121.819349	130.105540	109.641262	235.414852	204.612992	128.633970	88.988736	94.005082	159.642430	79.536523	97.456023	143.623479	97.586153	117.644159	236.968785	190.448017	209.605711	178.570801	223.103749	403.391644	507.025867	242.065808	221.209337	475.855489	396.468868	407.758774	326.776378	465.383300	
3743.312860	5793.034802	32500.654814	114442.169987	43435.310160	15260.801114	5758.503236	3512.220814	2991.195753	3015.143524	2724.799258	2555.212690	2245.727454	1995.680602	1320.356235	1349.865573	1156.496188	1270.188307	1176.163615	1199.444947	1071.860397	902.503529	1122.222470	1024.170475	1118.188556	1065.625934	821.108784	1016.391349	946.738968	795.728759	777.046891	579.432134	544.782596	584.348744	638.831315	669.567363	738.108776	741.330084	464.042888	542.310619	595.362448	735.114844	683.439323	660.602252	726.694900	817.508726	628.076088	641.626721	587.238382	495.020440	475.474543	484.637843	518.385222	716.977447	616.593295	609.916870	554.855742	467.573607	381.382133	571.460292	520.024336	633.411713	618.827260	558.587024	461.826910	587.180946	701.664853	704.172779	785.902575	441.707855	290.061416	258.925434	223.929147	226.301421	220.756054	221.049313	206.807417	223.395738	245.868425	250.154245	327.609873	311.842321	485.533415	658.564981	405.887665	308.418072	256.438637	357.627755	272.676719	213.740397	216.456543	215.476299	203.194791	205.873073	218.591066	306.533169	208.634281	231.978156	229.247040	185.507628	212.555391	206.014370	235.695525	212.732112	173.303090	216.415037	198.139453	165.619828	359.199773	279.164552	254.837516	306.899926	180.102206	266.532785	349.661435	173.512412	229.535291	429.710484	279.687876	217.380366	225.061270	292.843783	269.874025	269.277492	170.827721	152.638965	161.846389	158.126892	123.794593	136.245118	148.049456	181.832418	181.331081	126.496266	133.774085	148.876498	112.354512	122.774402	128.213775	93.981811	117.949966	123.520821	101.269309	109.788457	135.117435	201.007983	228.725880	149.345442	109.364659	102.144626	112.765328	130.654380	181.071603	285.250982	289.781167	190.557788	125.704262	193.988230	215.761238	243.321469	291.300036	284.596471	285.343006	256.785152	191.485953	145.081542	171.195841	112.185702	180.017185	156.879234	111.306529	76.878169	74.767337	108.605081	69.753413	88.478253	111.044110	74.930601	87.745614	143.766306	144.909775	190.934722	156.038388	204.097345	349.221174	405.397809	243.420946	174.731900	398.055563	410.236342	354.527254	367.927783	302.332925	
2010.069435	2920.414621	11327.904405	43435.310160	122868.430316	31653.637074	9154.029340	4024.340290	3368.526630	3723.253124	3210.898387	2756.000703	2305.865380	1912.196576	1131.661747	1284.119513	1024.748609	1223.891836	1093.311328	1105.956037	989.243756	727.265289	969.477860	986.860660	975.836012	982.529724	758.140771	937.520468	928.282362	834.651202	764.947134	524.724763	451.524250	574.763908	520.862591	540.232766	656.790208	677.643269	407.990067	503.722134	583.308621	716.255352	684.970232	565.903939	793.512441	877.294202	679.756652	643.794625	512.405263	509.674220	397.739876	412.543299	460.667015	701.107258	598.770262	608.345977	543.165885	422.320130	351.946467	529.155607	458.082615	626.224838	629.229260	463.374105	438.776274	562.641620	667.107367	632.220135	705.233142	355.250624	260.230459	219.498990	210.822560	195.466907	196.585373	203.367894	221.623822	206.307247	205.811288	221.276182	323.784973	286.000012	518.732281	614.662557	353.226801	280.315182	239.421474	330.924731	257.199725	219.152648	213.421605	187.076118	168.482849	235.907544	191.594532	297.456389	239.208494	227.657390	192.696026	178.374764	204.375962	204.559419	200.882964	223.516442	187.634627	193.632817	176.575208	163.970886	357.137162	270.732431	223.063690	313.655239	143.379920	222.894668	352.738005	163.614322	218.186739	403.390423	275.476996	185.238516	189.328242	265.323565	266.883249	240.981680	184.223796	142.960412	142.397100	117.734458	148.554541	142.772363	138.661915	175.269926	139.034861	122.863349	154.192342	119.910611	104.399555	113.037523	118.778716	114.656421	115.029246	126.428691	98.425611	111.395889	136.064918	196.519564	229.524425	122.203254	108.654097	96.385334	84.752848	108.382736	208.268652	287.389171	265.989067	172.053971	107.850315	173.360439	192.525598	251.152869	272.877718	254.215997	265.342370	242.196564	214.412377	123.547647	117.060279	89.766980	162.274225	161.862647	93.335692	69.214601	55.948239	103.820259	62.800072	75.116752	115.735775	88.229645	96.276966	150.429689	147.986174	154.658588	148.593628	170.458190	334.927187	352.859457	173.804199	137.470996	323.791401	362.986045	381.317642	313.443457	224.555926	
1796.826431	2324.742106	7014.148927	15260.801114	31653.637074	113164.858153	31373.892981	8105.011593	7618.418564	6868.474131	4994.509936	4020.742097	2871.078547	2347.986942	1402.821519	1518.233960	1247.630095	1319.793796	1214.452553	1209.478787	1141.795833	886.908422	1102.094371	1025.318513	1055.279148	1064.905377	888.180085	1001.350359	977.504527	870.841830	806.545244	583.003187	462.443900	634.771431	597.474211	621.565356	707.571712	723.194572	462.681535	576.420312	638.826682	734.741017	703.170607	623.408117	717.710001	815.197432	647.901859	569.690614	499.567113	469.179542	420.047309	443.029845	511.830881	672.156652	584.892863	627.319946	527.600819	422.954709	400.398821	544.793680	455.506276	577.047783	619.130354	475.260511	429.307672	529.893767	689.397376	695.629926	779.237943	437.216798	287.845774	285.311973	284.183475	224.892716	243.540366	256.741824	228.799434	250.820156	247.887420	260.914930	303.610559	307.986683	517.306895	645.922298	401.958500	297.809720	287.804562	368.200990	301.495022	262.777915	235.703626	246.651992	224.288335	252.128733	234.347480	292.083002	221.821022	272.871902	217.769116	233.859308	238.970124	229.646576	263.348623	257.900784	216.954928	221.541046	189.979285	214.491231	318.308503	309.386575	256.581546	305.129213	169.306433	282.409479	371.188852	195.582010	242.967444	401.813171	257.242828	219.699108	198.030025	275.515900	301.006257	277.073876	201.436198	193.710699	138.708740	140.612501	172.067327	135.696954	160.503122	204.224155	176.992320	141.564007	158.063676	130.223816	126.362461	142.894762	148.317213	114.852800	163.136257	137.331979	125.061391	143.753254	168.138755	204.587259	226.424468	168.549604	121.718596	104.855831	111.558584	144.257315	215.011859	307.215165	288.719422	181.141958	134.578873	210.235137	230.817002	265.160694	269.351270	264.465682	282.253886	230.338284	192.700197	127.547804	141.316990	112.736720	201.033900	160.862972	103.102700	79.395103	60.696634	109.062074	75.124391	82.277428	111.570222	95.931311	117.562995	156.241431	153.763249	183.195769	136.968491	203.609973	347.710177	333.753663	192.023221	154.645992	322.260828	365.333968	341.346765	311.775395	285.643332	
2111.474143	2957.924310	4482.959485	5758.503236	9154.029340	31373.892981	89525.614856	42654.073113	25164.092140	14146.664299	5594.810841	3746.962827	2287.832492	2185.282516	1865.139507	1724.568074	1417.006524	1042.726776	996.870501	964.745147	1051.458052	1174.866334	999.974741	785.871050	792.395468	1060.423086	951.043061	798.558582	665.013283	710.808696	766.452378	749.341019	794.908446	735.224585	838.600786	848.869994	811.417494	802.089414	623.667737	712.469901	670.819864	633.260192	552.062470	451.350272	507.080850	489.262603	372.851486	359.162171	413.138313	375.584721	367.544377	413.098435	411.607541	403.115753	374.460918	340.996526	397.703938	453.912684	420.258221	406.736240	376.308593	412.981309	351.162298	313.456488	349.946374	364.940311	414.508179	469.842457	662.605836	534.360230	434.133170	351.697026	368.704376	348.662168	320.273456	349.971484	375.267709	340.168918	371.859871	310.215140	430.796387	438.523409	523.446625	567.056361	464.865852	403.805328	353.542001	404.360743	324.125477	305.677462	297.187359	275.611718	254.278721	302.468751	252.550703	359.354462	278.108048	278.809671	303.049697	283.111705	279.569234	280.150966	286.790404	261.314412	228.628016	249.141595	251.541443	224.372390	342.007717	302.064438	243.364757	265.161527	190.355318	239.430395	281.460759	179.849901	232.057422	243.592709	228.729443	197.647235	214.828834	246.179235	264.251199	277.740537	202.188385	230.756098	222.819266	186.636015	205.051123	178.636521	197.455056	256.882799	197.553953	210.634730	181.063310	184.130107	207.370779	188.835491	169.193275	154.875537	182.002280	194.427594	182.538824	155.353236	167.714326	201.937164	229.376254	160.051528	150.688468	131.968598	130.615945	156.600410	175.143429	209.412173	222.506196	193.672474	165.856952	214.212396	224.375217	207.075147	186.603528	160.072451	179.811218	198.032901	183.723502	140.794128	127.839399	123.449935	134.244284	146.607234	125.450226	103.255256	99.664342	123.325847	118.870381	106.461563	143.296129	145.127650	120.312109	170.448583	163.060286	168.634470	185.920078	204.294397	224.593418	277.803567	238.300082	267.312539	288.477720	257.770732	209.887355	226.893181	180.330238	
2265.699099	2960.027976	3407.911892	3512.220814	4024.340290	8105.011593	42654.073113	115036.853844	29811.842379	13714.184793	5609.821331	3655.452424	2211.990612	2130.663342	1853.277254	1666.088120	1376.277891	980.251717	952.629250	981.647172	1114.218455	1305.489494	981.196573	786.453134	804.761469	1008.643728	997.873514	818.736902	690.330552	788.900474	805.116526	830.222313	819.161736	792.381246	910.379978	859.612435	829.211398	840.803138	729.875844	790.514092	699.542820	704.672181	612.482079	467.559831	531.129129	463.637210	382.203024	376.099028	418.085485	391.004756	395.013323	389.845097	332.619156	383.586624	341.451060	362.580963	424.921243	460.055874	436.316932	424.115789	390.657460	353.728150	313.594237	307.726377	337.671715	302.206921	404.431364	466.352651	625.885922	532.608259	426.391077	448.518271	394.796268	428.002206	363.132498	416.418231	362.940913	380.142082	340.359024	340.651645	471.491681	500.973395	511.219026	577.021833	455.468890	403.042922	379.363056	433.930473	385.119751	317.333123	287.474019	273.859879	300.174645	279.294658	285.202332	408.050939	285.545682	292.027148	315.823529	301.985959	298.806824	270.484512	281.268162	293.331568	228.534323	261.046034	219.057327	239.101259	299.050744	269.907616	229.686268	286.478299	229.657170	260.809349	300.805613	194.087507	238.127567	241.628111	240.180816	210.255482	227.440782	278.792632	242.242982	276.352388	223.348503	251.474847	242.403825	211.558057	231.312931	240.351574	269.332497	282.847429	203.441720	216.876105	228.092379	195.628836	182.872019	199.531738	180.545711	161.310353	191.425244	189.047274	155.919671	180.083933	188.928895	238.913837	240.715461	182.203821	185.673106	157.941359	179.992499	179.852095	186.113680	222.465823	223.192499	199.965156	199.894144	212.026219	194.244720	176.557686	181.695578	167.797090	160.229584	176.838183	165.047709	138.944780	148.725504	140.077495	184.189801	172.200771	119.172373	125.570116	92.760731	146.287765	102.642151	128.282674	138.902318	130.474787	142.840182	180.242412	165.160000	164.279230	188.524327	167.540820	251.401217	296.897061	262.690293	270.413889	291.817048	238.111438	198.457879	204.891432	156.901190	
3268.957730	3974.005658	2590.025326	2991.195753	3368.526630	7618.418564	25164.092140	29811.842379	107149.292832	32812.865618	6178.373385	4318.907060	2251.525223	2212.979446	2606.491875	1961.325141	1762.727632	858.534169	922.480730	779.328562	1055.575574	1820.802343	880.319259	662.765437	546.398982	1078.965724	1097.939031	655.630875	492.529401	592.444061	637.047517	955.622310	1097.844726	907.159471	1164.852760	1257.945629	970.037214	947.452924	1040.871794	989.449910	789.914785	648.601705	585.872676	412.992462	342.949130	316.833940	253.991889	235.275717	327.046720	320.308029	359.525477	424.312032	338.775129	270.145623	308.585028	262.880411	307.692066	458.879121	538.182323	354.052896	316.407781	270.663512	206.183994	299.530381	299.309089	276.535566	278.982019	381.673266	507.825303	663.756951	645.839317	617.052748	608.719016	645.163889	579.548360	649.144923	615.965500	649.344196	588.966913	594.305021	640.075249	567.803926	471.710400	424.425703	482.763609	550.321311	474.813860	416.148707	314.952932	404.214983	427.809753	420.180123	364.391516	394.416753	365.967127	441.530130	381.902905	359.662363	447.975666	409.472632	333.475978	346.559188	346.570960	326.516559	318.089223	302.777872	277.189829	296.700585	241.348463	255.137943	201.134556	230.736201	252.970171	218.712690	208.391028	227.596852	253.353038	174.321992	199.791524	199.186535	201.963544	189.723814	209.248472	280.031720	312.367489	266.667688	270.092900	299.244508	285.676901	283.162833	277.951801	289.011277	300.352718	321.047640	300.376426	237.242660	299.876230	274.370616	258.503531	276.101925	243.777585	213.028075	234.154646	253.069104	261.726005	246.067773	221.524005	231.242185	253.327970	232.679611	185.462731	166.383625	175.938215	157.071422	164.477967	176.427414	238.121286	191.204170	173.250426	141.667669	127.168095	128.049133	106.874374	149.079753	157.638151	176.812658	153.910674	121.197036	111.957993	135.527549	148.427973	152.690335	120.386852	120.485142	113.229493	165.263808	133.154261	189.402047	190.914791	193.717020	170.968177	165.342716	198.573471	172.256111	159.790526	219.155980	311.043176	405.428332	227.784704	186.352098	157.646233	174.137364	120.570220	
1814.321926	2275.723215	2535.965781	3015.143524	3723.253124	6868.474131	14146.664299	13714.184793	32812.865618	97289.013440	26751.723185	12296.087440	4853.562287	4009.789787	3342.825322	2634.703533	2352.469608	1374.299185	1396.231269	1095.482074	1368.285940	1564.375361	1194.789037	928.310687	849.015087	1308.827214	1248.790475	904.171935	639.296361	729.489227	743.537356	915.567277	866.841604	916.367526	1117.276447	1060.550245	1053.179380	900.707834	863.811153	862.700179	881.716604	818.655100	663.160817	571.998479	524.575979	456.983315	361.008404	355.489655	404.871503	451.297269	513.128374	481.178550	508.236745	377.148912	406.596555	402.207341	435.902545	572.187565	589.760060	450.554426	397.401364	371.344999	359.269686	362.168009	365.138782	408.862976	433.603710	520.753461	723.272392	639.110500	493.269548	515.393637	448.802809	452.328212	451.040563	472.287699	426.590695	438.266546	421.283851	477.057826	450.113322	520.677128	579.289557	579.856480	494.305599	515.275158	458.912368	446.506981	397.050228	360.938542	374.411045	345.074113	327.059983	392.270002	352.458751	405.641329	338.235728	342.633529	352.939508	360.667447	334.427748	364.674536	330.183170	361.110774	324.723165	298.950264	281.882441	314.116004	353.268209	348.492633	305.090595	304.744073	255.642123	290.701906	255.518190	289.776750	330.288264	269.965862	229.661374	261.893613	252.413529	264.326418	315.196007	328.445527	305.479435	279.668302	235.270085	258.326466	220.543414	262.425700	285.392473	262.487457	232.793842	266.274910	255.109330	216.743625	236.495068	277.408480	235.537663	202.239701	201.821348	212.993561	225.204860	215.818088	252.501721	249.153822	265.975044	203.555945	167.313519	160.402906	192.274347	195.479059	214.503838	232.240434	246.676979	226.663013	229.728928	234.330456	244.620395	235.282331	188.054790	206.848585	178.095098	204.297698	190.834878	184.393920	172.385663	173.110572	156.312409	155.547257	127.826910	114.988510	103.473684	132.836670	125.420193	150.957289	163.002202	169.305521	186.734210	194.903783	188.162093	202.113224	206.813854	207.834580	246.756902	299.344909	278.399652	234.350280	302.596641	274.645356	225.700991	204.891963	142.874887	
596.031862	870.974842	2344.426257	2724.799258	3210.898387	4994.509936	5594.810841	5609.821331	6178.373385	26751.723185	138107.492172	28580.246523	8236.908660	4617.457898	2031.209387	1951.451363	1372.577003	1829.232873	1443.320452	1603.408269	1286.244325	879.918639	1190.482199	1287.483636	1317.924253	1061.288336	843.389752	989.081935	1119.225915	1012.164834	920.688698	519.552447	463.624744	585.183256	539.709079	509.034443	585.496593	632.637049	364.386473	492.260340	550.458030	647.800436	673.471158	732.156010	888.980503	913.288927	710.389767	766.034658	618.428610	581.361911	411.309288	412.831021	453.419149	633.306214	537.573894	630.789205	671.594770	467.848125	336.639622	565.755334	513.901361	623.494238	605.741655	501.099984	459.682119	493.991541	706.084170	566.514611	657.006550	341.562474	218.938453	181.938698	149.482343	200.853867	190.597466	178.066919	179.497108	154.345752	200.343739	175.612555	270.488862	285.914240	441.481681	594.470780	352.782953	265.228059	247.587449	378.761559	286.375958	193.597586	221.219517	171.596776	199.754004	226.342542	214.743901	266.116353	244.805503	236.126779	162.625838	170.845129	203.486042	221.910264	216.125263	209.067380	189.089672	213.536434	182.466617	145.259439	332.413120	261.658854	258.852320	372.023997	142.690733	293.664995	429.182515	174.272471	208.691491	491.912197	318.172341	222.520181	209.663882	305.784032	271.318782	278.836142	168.945966	160.732743	147.188161	123.471912	111.736183	123.393938	148.813515	203.479326	169.247836	114.174695	123.480462	105.052577	114.487051	125.607848	132.999784	98.460331	104.135260	132.434029	116.741838	114.866852	133.112491	202.913431	229.384967	158.279189	94.684515	94.884088	103.116334	122.575836	202.858910	333.264913	307.732130	199.462557	96.705046	205.004131	237.906166	224.208962	322.490167	368.738213	342.341251	237.648508	198.604735	124.129349	121.908628	90.967620	168.748860	216.181159	117.831343	57.173227	72.194361	139.545604	71.087476	91.811707	101.932234	77.790562	70.833642	149.362066	124.212410	181.206677	131.266348	158.161293	346.298244	352.357188	142.027988	107.811940	317.975007	333.602192	289.817470	286.792433	301.420561	
817.772003	930.183662	1950.106127	2555.212690	2756.000703	4020.742097	3746.962827	3655.452424	4318.907060	12296.087440	28580.246523	121292.614052	27424.037709	10447.877433	4157.762897	3438.555183	2835.471640	2474.661695	2163.145385	1730.280340	1614.277045	1224.049602	1572.977414	1377.840931	1435.427699	1405.993488	1114.388369	1093.676215	886.971432	867.249119	768.361474	626.156069	549.864466	636.915478	648.606271	650.729550	777.515895	671.603013	457.160048	551.615238	646.997480	821.561215	796.188054	749.426784	790.065321	791.837505	694.456250	607.452130	609.311712	629.343539	584.004337	662.478413	626.025863	719.044834	769.297585	704.378580	662.701062	514.681174	517.968273	581.224876	537.967633	640.175831	633.792273	598.363210	589.931904	688.595718	730.475397	805.388437	700.841244	465.010431	333.532298	228.865584	222.017097	278.425041	182.215838	218.655913	188.595354	206.216362	213.358252	222.643462	277.592516	288.594141	484.876906	532.850299	419.221556	286.149773	277.201007	345.467052	294.875092	252.664048	244.704121	206.374923	213.020183	216.451996	204.303203	305.143792	290.740867	269.829744	251.249638	238.935576	247.675478	209.197559	249.179609	253.560979	251.365771	236.004549	251.515514	223.394583	326.601891	331.452696	280.358365	345.938848	234.785638	265.832834	347.380736	201.208707	238.446178	355.950116	277.875616	236.663213	225.589871	293.503199	273.965072	270.042643	186.358697	184.799292	158.297954	146.335346	150.687692	123.132482	140.575676	192.853789	173.552665	158.943252	168.255960	159.824127	134.022480	124.181131	126.341952	123.360476	134.445477	141.590151	121.887740	119.930107	152.463135	211.857719	211.269777	178.043699	118.629774	108.451764	124.716942	142.399054	207.310320	311.723936	284.832671	200.541595	145.318055	215.563997	262.452887	300.668551	368.410151	358.757402	316.261313	282.831703	236.682608	142.825468	175.725535	146.190722	170.871204	132.452739	89.216799	60.798818	80.147314	125.537392	57.170202	92.171833	129.561282	120.884864	93.746969	146.772561	129.687610	181.003924	159.301261	218.287316	385.499056	388.853112	233.170862	154.537317	373.317830	449.132909	386.181500	352.588026	236.030234	
601.403883	1121.165349	1955.802584	2245.727454	2305.865380	2871.078547	2287.832492	2211.990612	2251.525223	4853.562287	8236.908660	27424.037709	121323.684146	35222.819122	6629.337107	5021.188339	3792.204666	3441.298040	2851.865915	2354.826502	1868.361782	1417.475914	1840.214419	1646.691867	1693.979947	1576.744399	1208.090061	1247.251506	952.328435	871.145828	846.264494	598.370934	550.108425	618.996024	629.051910	629.114456	726.129538	745.426493	497.757290	555.939633	598.856820	838.090613	841.362062	806.958371	871.541855	865.267218	808.480219	709.847214	647.238549	705.826932	597.870502	679.378158	720.129666	843.643542	843.900046	834.993365	739.679099	533.103617	459.358976	627.252424	607.337101	695.254997	701.852439	623.362668	611.550381	716.669583	784.882764	790.355225	773.385269	434.889736	295.053352	264.687546	208.827586	189.630034	224.055755	177.489207	192.295231	207.299618	187.915897	192.712943	252.804021	292.027120	476.769028	565.466546	335.302890	254.176526	239.668917	336.452321	326.847695	226.510914	217.874755	227.154980	225.724372	196.515872	204.473657	256.705621	245.235474	240.542191	203.762740	193.288049	215.863560	256.667534	236.322650	229.953990	202.748010	253.033098	213.299197	197.875829	357.537140	291.043217	274.263123	341.551327	193.758272	271.261854	359.415232	185.899014	231.787499	450.054179	307.072139	208.573451	236.396689	315.970150	250.841752	232.791923	176.999281	167.100821	155.107602	127.121660	144.307509	115.374531	125.513770	183.168172	152.058385	157.287310	164.716683	116.495637	123.431175	140.214423	141.039528	113.229219	144.865375	105.086251	129.233420	137.729319	146.724647	211.902490	259.670579	164.550060	109.287356	113.064841	105.668567	148.903531	224.889478	357.183033	311.881042	208.850541	146.158847	235.964159	262.138273	304.558641	379.113295	352.169616	353.627028	289.003777	242.958190	153.855258	155.953550	113.458532	183.500484	139.562861	81.458669	63.922752	76.849188	116.383829	61.105722	78.997129	140.952965	91.669488	88.198982	134.508036	155.739712	181.831521	152.548965	223.209471	382.458412	403.627333	200.644855	164.501484	377.666934	417.181521	389.279046	364.999591	285.389071	
781.414480	956.545606	1832.119159	1995.680602	1912.196576	2347.986942	2185.282516	2130.663342	2212.979446	4009.789787	4617.457898	10447.877433	35222.819122	112968.100647	20097.619903	10841.287976	7769.229199	4983.391660	3997.884461	2893.019317	2521.175773	2154.450284	2305.603386	1807.664150	1661.075887	1837.730551	1468.768762	1285.509817	945.043320	879.739700	829.930695	702.663932	634.150613	742.599185	865.171185	799.079892	919.828225	857.195581	598.274335	652.746264	719.902307	947.322954	867.897849	766.995657	748.851394	696.695566	618.423238	553.418675	663.798544	707.740208	653.759246	720.066177	721.805891	709.261378	768.218098	700.274430	702.267387	578.004817	583.534600	629.759305	558.371043	631.731668	592.129206	555.793680	563.775104	630.603840	689.179346	809.996498	877.231499	515.867562	310.771609	279.594492	300.952899	254.542750	276.488315	252.443164	226.101048	250.256608	289.684434	234.476909	286.255940	300.449380	509.021730	550.289730	389.611583	345.644232	289.617236	334.684655	295.346000	224.969606	243.246765	224.508878	227.865854	252.183615	211.851687	276.186608	252.357424	296.437510	228.356442	222.644744	257.249838	240.452801	229.761300	231.045649	195.419905	277.104728	241.213063	234.188741	376.718866	352.385901	299.348809	330.769127	248.257469	267.574096	320.384041	265.639044	264.974406	349.326618	309.513879	245.589912	256.058357	266.354561	263.188251	240.839301	202.560846	189.361294	155.759606	161.451751	177.893889	135.680506	159.178611	191.156632	152.867993	140.654978	161.089749	165.018374	115.714078	151.559670	163.024789	145.555221	132.972625	132.806112	135.242797	120.402290	172.581696	230.117684	254.927677	166.787709	109.011840	116.412410	149.307411	179.391539	274.290351	312.453340	278.958966	254.523478	165.960777	223.010197	241.851921	315.895087	355.268925	339.144806	318.617762	277.643598	252.938666	172.700550	151.053303	137.289818	178.353385	137.357480	85.057304	67.522820	65.315037	115.804094	86.616146	97.070744	126.701188	109.406916	107.505562	138.150055	155.802913	177.685942	197.760145	229.142841	368.175608	435.160110	258.488250	199.922449	442.485878	458.153221	370.613913	368.529041	263.447204	
1335.313948	1502.766311	1176.973428	1320.356235	1131.661747	1402.821519	1865.139507	1853.277254	2606.491875	3342.825322	2031.209387	4157.762897	6629.337107	20097.619903	108975.441136	36623.112160	19154.563787	5108.492871	4764.686493	2687.986380	2972.399847	4299.566407	2439.134066	1508.664374	1235.338248	2214.636539	2075.344180	1043.967215	546.302751	708.572790	658.158128	1028.813521	1196.440743	984.873067	1315.501716	1276.034363	1214.406165	934.409798	975.722516	867.715703	937.429439	921.669285	797.511420	641.842048	432.271709	370.977681	318.389253	306.833470	479.757540	571.259549	787.360039	925.789570	715.321685	391.156917	480.533414	377.087328	428.158925	685.516809	780.840871	450.236068	465.022221	377.948946	353.468568	421.569061	456.612098	546.003410	425.596701	611.772166	668.423250	808.711297	614.418005	536.536977	493.536062	530.633624	455.809367	478.685032	459.298537	458.734890	461.099009	379.331715	360.863876	450.403831	508.795680	427.806636	472.936765	410.304645	372.062048	308.184287	345.125512	320.141358	265.020648	333.279951	261.460782	295.141124	277.389190	325.199109	296.868725	328.296411	345.226518	328.763929	300.798375	288.595437	295.616069	304.737600	298.209637	262.375719	278.371578	398.000383	283.547198	378.320424	262.680253	252.175252	326.626744	293.587166	208.574586	303.170793	268.518066	171.387414	176.262688	239.629106	277.730645	230.339610	226.299510	227.944055	244.090269	252.819996	230.448538	239.759085	212.603528	249.994146	202.174090	218.917797	229.409850	230.438875	247.214863	226.614120	239.401411	236.882508	208.423829	211.822709	171.807458	176.752985	199.280482	213.086118	215.323101	255.818030	213.489886	215.689496	195.334581	211.629225	191.462367	224.950469	235.682875	223.247422	191.783162	251.890773	274.044641	286.067668	300.641638	307.262560	250.713815	230.251863	197.892861	217.046590	229.635416	227.251117	200.523295	173.765380	143.490942	74.089359	93.103299	91.540632	96.817096	115.424872	140.378058	141.904205	151.111789	203.777766	190.738116	201.143430	207.281031	243.589749	258.457204	291.793492	222.606395	306.036038	449.680332	458.393743	372.752477	347.855541	327.575852	254.180779	134.115737	
890.296789	1202.231804	1467.756331	1349.865573	1284.119513	1518.233960	1724.568074	1666.088120	1961.325141	2634.703533	1951.451363	3438.555183	5021.188339	10841.287976	36623.112160	98971.347611	36750.864037	8404.804797	6322.985860	3883.470840	3517.581637	3789.624798	2839.195062	1845.563028	1566.973470	2240.434646	1941.332326	1319.838477	772.769512	843.330163	879.328888	981.268106	926.726495	1007.481303	1129.288971	1042.920187	1093.994133	988.056897	812.969280	808.660048	910.535675	906.517163	809.839672	632.718501	537.583073	543.369340	458.731211	400.218207	533.433654	560.669922	665.573395	704.103499	654.867859	528.568774	539.452013	461.421766	480.874757	576.106888	680.816558	574.959613	513.487049	496.279145	459.588805	412.692987	459.342931	542.754939	571.808163	705.320062	834.433085	710.444379	454.125521	420.923497	400.878195	380.718077	437.240032	344.323891	378.699756	376.755944	366.337734	324.769282	365.497162	410.115327	558.434929	581.828824	499.926029	336.991542	354.610455	346.805672	334.506362	245.637005	313.468686	283.532979	247.758478	316.564017	244.653640	294.134341	281.699501	299.860246	296.349376	284.422384	268.821920	285.878473	280.668048	280.215639	248.575178	255.264427	251.029899	249.879614	340.842329	352.232995	320.973358	299.433601	264.998712	276.290518	290.966019	280.512534	290.550182	273.441975	241.779514	248.113593	249.491844	246.802241	249.392599	242.990219	219.326113	205.392381	187.437752	190.800056	218.478156	199.084873	221.695692	231.232557	208.665788	222.390839	200.942785	171.613209	192.122430	194.262747	210.513676	175.849537	148.578560	185.157271	154.051257	171.399218	193.967409	235.210851	233.317345	218.518984	186.263564	158.388372	197.149328	203.006148	252.866667	281.119557	238.142521	257.682114	241.798284	247.128094	240.508827	309.184472	284.346485	245.993056	228.162387	238.060086	258.978538	203.141279	197.270380	163.557988	182.044274	108.227905	103.826804	81.094887	86.755105	112.668412	100.523890	118.092573	138.649364	126.855116	143.142647	169.660444	182.635510	207.331113	206.895659	273.142509	285.068142	345.181381	330.739791	322.306292	386.439894	391.940733	368.790770	276.435687	170.922134	
1048.761985	1080.752306	1019.474258	1156.496188	1024.748609	1247.630095	1417.006524	1376.277891	1762.727632	2352.469608	1372.577003	2835.471640	3792.204666	7769.229199	19154.563787	36750.864037	103596.669396	18305.073734	12230.986961	5223.523383	4891.515963	5881.509088	3365.853710	1934.679016	1491.740031	2489.723027	2272.940800	1124.868480	568.605949	662.227320	695.638822	974.532574	1079.928209	932.218196	1136.466790	1155.383909	1193.043544	919.054016	857.499932	814.670966	908.295256	942.542031	812.788731	618.003342	412.568259	377.064020	332.617775	267.024924	450.818922	551.684126	800.037528	890.478176	746.068925	412.945532	549.311580	395.963667	407.752909	610.317215	799.276375	415.667445	464.633008	374.791668	364.280714	400.893549	502.239867	566.480175	442.501170	697.731071	745.261884	804.694856	520.797821	458.611789	414.641921	458.366061	424.066514	437.372141	410.716670	407.205681	375.562315	358.081272	340.962575	425.079942	486.841196	429.860927	410.909946	373.772232	410.282641	255.678327	310.731024	304.393871	281.534174	295.691483	239.577979	272.674502	286.644744	290.688505	289.095015	318.454107	340.854929	330.667002	274.409037	295.693807	275.446384	308.687703	261.721576	283.347830	292.819729	337.310853	313.178745	349.181326	294.644353	251.338859	293.243654	243.873923	189.653555	309.692318	295.253529	162.379668	177.140536	202.897024	250.021476	219.403825	238.048716	194.133099	214.075797	222.052344	202.517257	233.345805	198.705999	229.071036	190.901216	185.165172	206.837185	227.667147	220.686107	205.973208	207.751420	218.297093	208.009978	202.639369	177.419010	182.056945	194.232511	221.605035	202.843947	227.304236	215.732649	198.688756	169.042494	176.085592	192.526160	237.908755	237.553293	215.521588	176.467266	256.454362	310.608277	245.844325	284.662270	316.739705	271.746076	222.896946	197.996728	232.817050	229.070137	244.978202	212.164581	185.095797	137.162856	89.555036	86.314734	89.786179	90.753451	83.240545	120.053920	112.296579	133.519415	155.434038	218.189702	161.760428	214.572696	208.322475	250.141289	255.253166	258.503587	275.363367	416.416433	434.301575	358.485720	388.066477	343.039529	249.949267	97.019212	
279.393202	546.120286	1190.902452	1270.188307	1223.891836	1319.793796	1042.726776	980.251717	858.534169	1374.299185	1829.232873	2474.661695	3441.298040	4983.391660	5108.492871	8404.804797	18305.073734	120524.693385	40843.799824	17869.254496	7554.108937	3809.804410	3737.439044	2816.260433	2542.742003	2063.324297	1383.949057	1337.366466	1057.879141	952.532331	862.428832	622.255375	488.673528	555.740597	594.856445	611.549877	699.953931	662.825589	400.742446	456.384222	517.218071	718.784555	681.191270	615.924529	808.612986	842.418085	618.028974	630.694102	582.859096	603.871972	509.167216	554.958196	553.360862	697.970097	643.226695	614.428683	586.529965	466.705080	399.827915	553.190243	485.473106	602.604088	567.897313	486.248258	477.830599	560.736384	682.806200	669.976259	705.923255	406.412328	261.793805	171.743841	204.944206	155.184970	160.290064	176.552731	161.834779	165.213125	164.578126	168.762299	226.194325	251.220621	395.391186	517.570039	288.010982	254.682194	184.102132	309.362293	270.091724	167.142728	178.291893	137.177825	166.371130	201.638679	154.384008	220.803667	215.051830	202.174902	145.051714	186.286234	186.014053	183.123227	194.550929	192.531834	161.912692	187.263487	171.339035	167.778143	270.270819	250.642225	247.947747	293.271699	184.398496	252.498567	347.759261	169.882619	219.132464	392.546131	255.287367	172.686727	212.794597	250.637721	213.193603	223.499974	157.726273	131.747781	116.660665	102.470101	117.167913	132.741152	136.519163	158.533120	122.462761	118.469988	119.255307	114.019436	106.530298	111.898543	106.637158	94.545401	111.656597	117.721469	101.959092	93.794852	105.660404	200.261156	214.731736	129.736677	79.341705	87.264548	96.958598	122.966839	196.736857	305.304731	255.952575	201.119901	140.763299	198.846716	225.225766	241.579099	299.920073	313.795002	278.023128	232.408574	201.948439	122.695548	141.694740	107.564909	155.423116	151.826842	84.567786	61.335091	52.940283	120.022249	68.423119	89.707496	112.236127	70.440518	80.534207	145.184707	103.982059	158.679949	129.518826	202.420347	360.960084	364.154914	188.834874	149.242850	325.783829	389.287869	376.358234	288.479029	242.215783	
