229947.225772	86342.273115	11363.032879	4953.618859	3269.183460	5191.175158	5022.653871	2151.843652	1830.861932	1662.182902	1864.228975	2872.629008	2634.076318	2036.631586	1076.448646	1208.495203	1171.225012	1249.535220	1497.091295	1348.454277	1126.964001	1181.334749	900.677205	990.797088	801.264912	844.170454	731.349629	809.832094	789.812541	656.400248	936.921840	914.905983	768.030125	734.011224	806.441579	663.490369	664.081381	582.068780	672.068076	750.274812	590.714385	824.769440	1011.294032	538.420843	448.065402	573.472634	527.161959	571.024065	521.779819	417.597694	351.672616	302.319265	293.020726	267.324976	367.269606	408.442690	404.302753	505.251486	686.123995	626.251928	572.993799	508.958138	364.458371	364.438844	327.520211	568.924669	355.862426	344.135123	404.300091	409.529323	338.354394	288.839357	401.296205	653.195041	593.810333	317.921369	300.937551	492.017399	556.280439	411.779309	389.391363	331.260613	545.285079	374.478339	352.053554	285.406350	239.151270	213.796820	255.257583	332.774469	302.705036	356.640293	346.180805	331.932696	337.065627	228.145137	235.256882	166.948657	177.389278	189.222392	211.340680	242.315764	255.347119	275.253980	258.160722	208.960552	226.319767	265.489693	275.885806	222.021173	224.615805	202.746374	248.661569	302.318756	260.725666	242.237147	275.742770	280.724452	249.623311	212.576858	228.622674	232.079253	246.039911	214.733275	263.014810	234.992575	170.415401	188.871672	195.060930	165.768134	166.093961	180.425050	147.777041	170.211638	181.393416	175.646678	244.937855	301.187509	460.496643	493.969682	445.760598	240.712474	270.856803	264.023370	464.581688	404.528194	541.683119	344.575785	513.934160	894.167105	758.756552	569.882149	582.930592	701.210387	542.032465	919.013338	3044.951498	3275.727773	
86342.273115	192770.858222	36753.028200	9719.004822	5295.634669	5991.977950	5126.981991	2995.447475	2342.922809	2202.685285	2202.987438	2511.385507	2491.093898	2332.910529	1457.296220	1540.059512	1440.547714	1342.273233	1386.753887	1182.639184	990.641491	956.417059	608.892221	788.464877	692.749315	694.289686	582.830943	626.873295	620.281499	514.049102	787.191396	875.070411	871.480372	866.231492	931.931944	824.762807	821.140228	637.957408	814.311184	851.601410	627.357694	794.448965	916.425749	389.029531	248.448206	376.694398	571.754329	628.270609	627.870454	570.245266	445.576514	349.176326	389.371800	372.809108	445.108996	513.953967	424.543341	463.098757	536.604202	496.992129	466.674604	506.914708	495.077575	480.044142	402.516985	555.075158	449.655464	478.388953	476.726500	544.833466	458.056323	394.710107	434.367674	571.666717	604.750408	471.896603	446.568908	652.892179	717.336029	560.448967	544.608752	423.208888	528.353596	414.732538	350.229440	364.723436	339.591134	275.474022	273.574529	411.876871	392.883594	461.329952	446.498593	354.471289	255.687307	209.581936	147.066694	154.640136	125.601618	147.002079	187.014035	262.525279	232.803794	208.912563	269.599761	273.219170	244.027594	315.025469	314.051353	326.802490	273.227778	252.859514	276.267032	256.237800	246.123276	262.545249	287.083507	268.160617	300.080874	279.914447	312.406202	232.593855	237.682689	193.670814	230.751809	272.976643	214.373986	274.373756	191.911465	170.711388	127.316487	171.717410	108.676749	138.305667	161.668666	157.510534	208.744345	293.753277	392.832641	487.483121	472.332679	367.459712	380.432667	359.222752	528.446183	475.792313	558.295608	416.173258	602.844555	810.882454	774.506568	623.467309	648.749611	800.280839	737.943832	1124.165452	2523.066471	2318.615855	
11363.032879	36753.028200	221395.112379	56781.033334	14580.237110	5476.648392	3193.242054	4384.900046	3595.702380	3216.682352	2726.663776	1187.078957	1281.011695	1878.313087	2408.805906	2033.402910	1699.260797	1067.508354	793.845207	598.687764	481.810908	447.100556	242.722922	393.553803	409.139539	401.112332	292.666511	314.603421	288.164734	250.599595	285.388439	595.390027	880.196805	702.441494	785.368983	916.156572	894.778524	765.926342	579.162744	542.522647	413.133392	469.660958	456.605082	147.158357	108.530953	138.428728	406.381247	477.823288	843.740149	896.989897	643.700609	469.067394	567.931683	598.652636	441.032965	539.637223	517.168486	324.822547	186.033183	177.201710	196.087247	330.711239	431.375028	479.050147	447.838189	356.912804	547.199785	550.124146	746.402395	610.922425	653.496186	714.088328	478.818040	244.743014	426.314105	768.947719	818.468357	720.811493	560.099510	804.844596	601.227262	642.637472	350.653865	503.536309	239.835501	444.144325	435.409116	381.699483	395.784789	437.390970	474.760689	490.490194	485.985260	370.523353	77.247126	67.350070	55.807640	45.201699	47.741610	47.127373	56.605653	141.628509	150.190235	90.197572	181.310589	239.061532	212.914837	340.588264	339.544740	337.614518	386.621692	280.523606	248.894972	132.906153	191.866116	213.684121	206.530108	138.299842	343.274185	412.039958	339.602120	210.252614	126.980305	124.393235	124.907814	238.887846	285.507744	278.325045	129.909683	131.586926	82.391539	76.252242	49.699179	48.754313	84.494877	121.233267	131.162260	227.637155	141.215112	316.493952	479.012705	694.905466	723.018872	717.861934	546.301410	581.459449	382.348153	567.712786	469.353187	377.267411	506.979464	599.140620	639.718340	781.609187	1218.377565	1497.320940	1435.126864	882.068467	
4953.618859	9719.004822	56781.033334	191032.303237	67367.511229	12657.955708	5968.084843	6119.496211	4679.856826	3836.366834	2755.411678	1459.158916	1522.736782	2067.527828	2382.072530	2056.891558	1631.691002	1033.138665	844.764481	598.124603	538.356302	379.114890	275.611217	353.364210	372.078154	376.091594	254.333623	294.620132	282.479863	242.017771	304.961675	495.382714	786.989816	666.318895	768.243675	869.651097	870.314857	765.230764	585.991236	533.683582	392.612886	468.006072	364.707550	105.282375	89.255921	138.781098	367.888077	396.509881	863.735044	944.616734	658.694676	465.599722	501.200051	538.993463	499.019377	554.747472	542.287534	297.490424	209.995800	215.428129	207.444356	314.594084	415.516655	456.517105	384.966816	435.534309	527.326034	555.233314	696.840932	645.281301	620.293489	647.298376	423.738723	338.772385	454.794177	742.494058	756.619753	646.130225	571.933543	716.068865	647.151663	611.029551	359.442517	456.204176	299.528195	423.715849	474.605268	354.033705	362.378616	445.157955	493.229825	505.387539	492.887710	315.814826	99.456881	66.953420	59.177566	64.411927	49.078411	48.202705	60.142390	163.087559	139.374902	102.622940	178.079868	246.505313	216.677065	346.606495	367.461793	372.321307	413.589952	298.882122	224.148730	175.455498	182.117823	224.700836	201.918452	153.343025	347.914586	367.826198	336.797755	188.277499	110.754074	147.781205	146.546533	261.948678	264.303509	250.444021	127.692727	140.290060	86.731330	69.529089	67.073042	47.061989	99.269483	116.905123	133.489972	178.294223	152.047061	285.888086	471.255731	615.744959	642.746345	600.325422	559.580543	494.424589	407.122422	511.183083	516.803242	377.939461	505.410338	594.694315	607.071870	702.438795	998.617970	1027.776003	856.492041	436.861593	
3269.183460	5295.634669	14580.237110	67367.511229	195631.151784	46397.913428	9645.409392	10164.161726	5868.270152	4324.635449	3565.279510	1604.839998	1639.632489	2321.614107	2450.480614	1865.032349	1668.930343	1148.204866	902.600390	615.965617	528.228854	454.388349	236.894559	420.582743	453.088220	426.383753	294.706784	278.124125	308.710556	258.045329	297.027563	612.393384	976.904538	671.841570	790.486535	906.020230	847.191831	828.468469	536.426583	521.833861	416.653499	475.182653	442.491488	167.204910	89.374103	150.116356	445.816610	466.349599	821.232016	801.105948	669.017245	452.490950	521.365901	559.696287	430.442701	575.026740	544.209310	326.029104	210.762633	201.144497	220.753128	318.862437	453.268469	513.895135	457.305506	349.173833	554.340966	516.525187	663.509176	626.598441	644.119060	633.442245	461.859291	284.467863	446.447879	745.921221	759.414994	670.948189	503.472139	736.709431	553.514545	628.664816	302.663035	503.568124	238.886263	402.782314	436.112420	364.364354	344.043553	382.472050	420.554137	448.235314	441.223798	386.443678	107.408117	75.845576	51.674356	49.808723	74.261130	43.290100	54.045406	142.804742	141.017332	88.031711	184.919944	295.238012	231.448700	382.844527	321.008430	374.320611	391.477101	316.632175	223.521877	156.449858	192.821095	259.142651	215.751684	158.178432	388.296697	369.334820	296.016864	199.548715	127.897000	127.233754	137.041942	246.913992	301.313474	253.829213	127.758103	178.264631	86.846170	93.304244	54.724472	66.874255	77.311830	120.627141	136.344928	230.483560	146.547247	269.812669	398.330559	597.403282	605.689308	546.143694	471.723633	498.993732	333.330047	499.095533	436.587087	299.056994	458.978249	481.068649	524.821961	571.504001	790.480976	895.863298	675.673391	394.358818	
5191.175158	5991.977950	5476.648392	12657.955708	46397.913428	176146.605986	54640.792866	18578.260482	6582.045136	4443.799308	3933.407103	5880.234547	5529.121487	4063.973626	1850.513218	1744.915504	1747.280235	1675.192817	1895.877871	1808.024896	1476.991211	1250.447260	874.408694	1019.945527	951.154448	902.105572	761.212776	792.548549	858.681210	719.091561	1004.291937	1042.051844	942.554606	909.534359	987.392847	863.783114	724.185759	622.650009	838.618792	869.124253	645.451156	920.194568	1027.150360	449.876937	409.300248	531.312685	626.066223	754.209978	672.356146	515.490229	458.759542	352.584886	365.239726	365.723339	469.515123	534.452716	491.457730	664.092741	822.841791	727.187380	654.331409	696.840400	492.435195	533.154211	418.191329	660.173394	416.994157	427.896242	442.215226	524.738142	410.118204	367.195694	565.530996	879.422774	740.729203	417.481173	389.113409	534.139317	697.752653	561.476232	499.933305	393.809710	621.170019	432.668579	365.568312	395.713932	303.798537	282.662659	331.915828	398.420983	347.585478	392.954486	385.404899	396.153518	372.561919	249.514522	201.207722	150.137052	173.439596	194.899134	238.425058	294.919813	306.259431	360.034146	343.266286	287.807674	294.258063	366.684592	342.559118	278.103159	262.646433	243.015433	305.953270	356.077822	284.988987	360.731004	407.915794	356.483842	349.410687	281.543384	302.092670	262.111209	289.048919	290.872423	287.078041	223.161727	231.365157	242.479799	236.058998	210.921838	190.955811	175.147720	191.882510	195.491549	206.978642	205.695582	262.939289	291.465133	466.076137	493.644190	494.823936	337.949401	281.842818	284.106712	512.488545	400.823017	584.719317	417.434659	481.812198	775.286041	622.822651	506.807332	470.471182	520.359030	423.292498	430.177349	542.694676	368.415801	
5022.653871	5126.981991	3193.242054	5968.084843	9645.409392	54640.792866	185619.070539	38984.047049	8240.783864	5156.453039	4665.400661	8590.145033	7748.907860	4626.250897	1604.125846	1483.406661	1669.768784	1785.944990	2211.850556	2180.999128	1909.775219	1866.647367	1532.817262	1390.622772	1341.898709	1362.856209	1229.405718	1232.074657	1216.700064	1171.985427	1540.926559	1127.931272	846.880710	944.975955	933.387415	717.285457	733.538594	523.604782	868.082993	836.944941	697.839022	915.679132	1112.760151	854.663772	652.775260	870.944969	706.278348	784.096852	546.087408	483.501209	386.457102	321.409998	376.441005	278.313715	457.782975	495.384942	455.802152	738.748071	1100.425763	945.591824	821.720970	762.782234	462.128489	427.604153	400.099744	678.367725	380.382350	433.808566	380.658374	493.417690	341.786802	294.355412	557.435534	1166.773153	792.050672	334.665805	281.515621	568.468847	696.185253	399.964858	477.835649	352.261563	843.623547	461.081013	458.217395	287.126261	271.076861	251.001405	257.893229	380.827611	345.562353	357.977166	323.664496	364.778198	520.972906	460.633850	377.200117	337.584202	351.653343	357.640758	343.251888	367.587742	360.607269	486.641957	433.678863	265.440563	304.120252	286.103174	325.188325	267.454810	203.313016	259.835408	310.176721	372.143555	348.404396	342.286546	434.242687	548.522012	308.880442	218.808299	222.122353	325.565037	374.034139	341.430898	317.180512	203.608169	166.715344	223.999000	309.812695	202.698541	301.834267	273.015451	309.253641	323.448355	304.924066	234.961023	277.104204	290.488579	531.024612	511.224324	494.295409	224.180646	261.552401	220.755098	512.133474	356.534666	715.662047	372.725252	545.505946	843.163442	639.281897	494.618342	452.573081	464.461203	284.224165	357.320633	485.122836	460.412182	
2151.843652	2995.447475	4384.900046	6119.496211	10164.161726	18578.260482	38984.047049	199465.347988	49303.666436	15945.525689	8547.254049	2928.651432	3088.066094	3529.569083	3024.840663	2262.690524	2046.429593	1559.473275	1341.585066	954.030947	823.440330	589.829217	326.426558	503.779228	498.619123	498.298535	330.558872	372.388647	408.042216	291.178642	351.889758	842.416108	1103.422942	839.911965	807.556867	928.120262	914.573369	800.252789	680.789340	626.891298	509.470079	571.133538	611.585146	145.475902	103.212373	148.681414	581.550072	572.356662	900.184493	819.551486	703.585853	468.564869	475.615216	553.167061	493.435367	555.643760	595.579831	400.584787	270.264542	268.939064	279.997541	402.795330	537.987448	510.056685	437.927673	391.886618	538.595665	515.244366	599.550364	556.586393	633.415897	704.482657	497.968797	345.514524	467.219405	684.065797	719.820601	675.020440	517.755971	642.046818	526.221987	605.292625	379.567331	470.361834	273.478233	470.044536	404.211689	352.130623	335.233396	403.557522	405.652439	444.468785	425.541530	390.975648	139.227817	71.874627	70.443504	56.119104	65.432328	59.550411	88.113240	216.592120	191.432793	112.599466	194.739308	304.686425	274.026897	338.482922	331.683390	348.920874	366.307648	292.292162	243.950702	157.097438	204.036265	254.696144	233.159559	149.896889	398.574050	392.715850	332.262146	179.296686	147.295872	153.201990	141.098340	285.090010	325.588746	301.389434	144.679514	210.065656	102.259556	112.052025	60.451863	73.122699	79.408847	142.331710	181.305885	240.477530	170.393452	323.944537	428.742209	537.691154	541.980496	506.578851	445.781828	461.582497	325.819413	487.446195	494.870863	332.733102	465.318118	495.012160	503.429955	498.825993	629.832038	671.989780	578.936768	326.200127	
1830.861932	2342.922809	3595.702380	4679.856826	5868.270152	6582.045136	8240.783864	49303.666436	199202.053429	60279.854893	12480.794214	3656.052721	3620.079004	4163.722641	3654.678925	2989.136384	2146.460717	1429.854734	1131.669125	775.904027	629.403253	482.174778	328.384056	410.619194	414.849237	415.553670	268.866307	318.216863	303.296619	230.344595	267.235564	641.537070	946.397380	744.340775	857.353496	947.321412	970.085418	899.022795	580.806729	601.534661	468.839316	473.590757	395.495714	145.280049	85.775631	104.729419	429.767681	506.255306	870.009276	983.662180	772.929380	479.216173	556.995412	647.336501	511.500819	598.730965	538.289597	311.472647	240.064643	218.269444	213.803528	331.035651	474.337486	493.534322	407.715750	452.405299	621.544370	602.851794	717.135527	697.248554	659.268992	649.071224	498.412180	300.828761	437.385032	797.985438	787.669308	733.592107	606.527098	728.160727	654.388750	650.545331	376.261942	467.492983	343.546879	470.038135	491.183898	393.269978	397.998461	463.987009	479.771617	483.776288	526.228980	333.030269	92.637945	56.693616	43.149690	56.733554	58.048902	48.538209	63.440235	142.326336	120.202886	83.119072	168.427683	236.302220	239.957397	354.905944	340.629505	357.303232	380.477539	329.110803	231.978561	136.188304	191.251212	238.723845	214.019375	142.934661	388.534626	375.643940	292.746999	178.750636	119.563511	124.871519	134.069047	250.121022	354.676652	253.866512	120.577750	127.996967	69.457900	79.707144	48.343284	42.297256	86.299169	118.691528	147.212176	172.471856	163.443959	301.866955	482.636968	583.557072	682.048120	569.197002	564.808394	490.135331	396.225211	493.910649	465.413290	375.925391	423.663376	534.925123	558.385605	605.396943	758.183186	731.948868	553.801764	341.660212	
1662.182902	2202.685285	3216.682352	3836.366834	4324.635449	4443.799308	5156.453039	15945.525689	60279.854893	198247.039077	43492.596324	5317.702249	5452.147478	6309.282929	6195.007594	4130.965840	2896.430404	1717.266314	1161.390559	824.087745	631.484748	556.907425	360.718262	405.756407	433.771178	472.551745	317.570287	322.702935	330.639995	261.019330	310.077005	528.129813	1028.007584	826.177740	886.880894	974.768318	1074.512530	879.915908	625.860555	550.327994	418.402149	489.439763	465.349849	184.633422	131.082455	154.560315	442.120880	514.035125	988.089273	1058.965452	720.818556	524.235978	522.492695	563.460987	513.006631	531.598048	524.119703	306.720556	227.624402	238.216033	238.814733	369.061054	482.392575	496.682929	369.578742	418.112117	564.694489	537.154002	716.373022	688.538843	663.468523	674.641470	424.030371	278.399419	444.991573	832.560350	802.301824	845.826307	642.808973	841.842044	690.199226	651.260995	384.340556	444.064637	299.987635	422.699586	498.955185	339.693280	382.419506	475.550058	453.524089	528.384224	513.255292	329.054343	111.446620	81.344651	44.244569	61.990719	49.012509	45.535926	55.883136	128.689472	128.585969	108.939605	180.443536	253.414729	214.947053	371.452128	370.908739	346.221358	379.689869	264.843320	215.800931	143.122391	157.854257	186.025811	208.580914	136.761528	346.967027	360.645295	298.715156	190.355566	130.544606	128.846458	124.019167	222.806214	254.262418	268.926268	139.895589	121.450372	75.363427	76.976258	80.034807	58.566610	73.477408	111.054172	144.730623	201.246824	148.536598	299.853813	490.953152	669.870374	749.543015	623.331479	581.586892	518.991264	356.558648	481.544201	471.115357	310.292872	480.272953	538.150648	542.717483	667.533936	979.485691	870.513763	539.529466	372.554336	
1864.228975	2202.987438	2726.663776	2755.411678	3565.279510	3933.407103	4665.400661	8547.254049	12480.794214	43492.596324	192937.455739	27296.215770	23328.854248	14270.852907	7607.167074	4131.498452	3448.296291	2515.398140	2025.612166	1436.156205	1159.362454	995.039681	460.977398	764.968300	758.226676	764.966342	434.517784	490.910210	527.593445	349.743189	473.481068	983.176478	1491.076813	1115.835252	1049.040908	1058.023642	1096.088516	1015.075340	788.308786	819.421521	726.611377	748.128995	805.150790	218.985594	195.220467	297.218098	777.121408	781.434327	1171.847668	939.556168	744.009262	541.819359	519.213435	650.179525	530.907285	712.839102	825.068993	550.129813	368.979508	375.165574	361.852750	560.505267	695.842192	669.658783	597.917621	492.935599	704.835395	542.784511	659.429912	672.857035	674.196097	694.836627	631.013405	451.667044	586.919970	791.170869	785.945016	924.025469	629.756147	677.073889	573.530570	589.878406	425.749489	494.976290	290.417474	515.297017	477.897570	415.563641	402.767241	446.111448	472.169143	490.063636	517.336986	540.465118	154.447718	125.140027	126.491454	79.433302	73.607489	56.988600	107.511417	253.549739	221.791118	136.625877	285.133525	306.158014	289.028312	375.024829	391.832425	412.722731	462.539061	340.063706	297.656578	221.076884	281.172658	315.320758	297.624160	219.892586	504.053679	423.519117	345.452209	262.054781	192.122337	157.521977	171.773838	279.646310	306.720616	319.845696	162.069404	228.113016	111.786725	122.828967	91.688809	81.263636	124.845219	170.732904	211.398423	288.892407	225.991903	431.373815	527.635643	672.543978	571.305553	528.334833	448.039961	498.175337	391.287698	563.484000	520.679901	389.669429	533.340839	531.526686	505.861445	540.282540	661.518967	572.015387	579.135923	358.313726	
2872.629008	2511.385507	1187.078957	1459.158916	1604.839998	5880.234547	8590.145033	2928.651432	3656.052721	5317.702249	27296.215770	172783.822709	76010.131027	18573.562354	3701.171354	2762.359516	2765.589605	3043.111904	3846.920670	3673.461219	2908.253162	2394.724452	1841.253793	1721.291372	1414.320912	1372.067230	1327.749465	1304.473136	1281.715256	1422.743901	1965.979527	1244.141510	800.835530	1075.401540	1063.622374	833.507844	636.320742	466.949560	1008.093379	1036.338378	893.159231	1255.564748	1333.746052	955.864485	702.862769	1012.917661	715.410577	914.148925	540.065743	448.346584	346.502260	314.416692	293.485584	264.319477	422.814626	559.406180	489.721823	1053.924677	1716.692161	1532.330782	1242.195726	990.142223	506.931392	466.169439	313.765589	813.012144	330.949189	364.787048	339.139394	402.475440	284.936129	200.967811	526.422094	1390.951048	993.287765	225.137469	215.985252	428.990679	732.305069	416.533749	409.768466	286.487861	905.831655	441.122232	493.623148	299.567879	247.904353	216.837127	253.655067	430.804095	333.097850	377.057266	342.653266	351.308855	750.472146	520.420661	410.225634	362.611198	398.501045	363.850989	430.695125	316.399475	456.367870	655.868677	534.389026	277.016734	326.279382	316.403978	294.978574	215.599415	206.403915	171.347321	270.213133	470.731470	321.505674	355.629787	506.629587	614.515807	270.459513	192.534058	218.414671	341.181214	397.648792	386.109998	402.663288	206.276481	156.434051	188.061492	271.732498	202.374306	297.223821	286.956673	302.236024	324.653049	297.920834	239.276150	334.185948	457.306718	849.960087	678.233794	492.222003	200.948524	197.700444	185.913255	422.762636	336.848241	744.221872	315.997847	529.006572	1051.983870	672.789429	403.807275	382.491085	371.581963	198.528914	209.015435	351.013380	361.823848	
2634.076318	2491.093898	1281.011695	1522.736782	1639.632489	5529.121487	7748.907860	3088.066094	3620.079004	5452.147478	23328.854248	76010.131027	155018.618267	39376.780835	5995.863079	3819.670929	3464.774321	3473.333666	4019.081098	3563.757343	2858.722958	2166.540000	1635.751713	1438.118668	1347.265722	1271.335379	1147.790514	1121.874595	1133.184860	1066.776371	1675.016507	1201.337194	879.914700	1095.126589	1216.559676	890.531896	768.718702	579.395085	1049.070756	1107.166025	886.692962	1181.170571	1285.387561	704.860940	513.013767	751.407079	777.543599	946.744985	688.136008	498.095882	431.326196	337.527959	296.926415	282.159678	477.620518	612.925756	493.266898	927.087423	1516.274859	1369.118010	1142.786304	1017.264054	551.326003	538.989755	392.550482	800.939293	343.339866	402.110795	347.830417	436.293795	343.865571	265.978747	562.076966	1223.386159	968.411859	305.755693	254.023953	459.808272	775.479324	463.996396	462.341561	339.853129	861.229029	401.352217	448.265734	316.581279	291.149583	266.060734	302.372734	467.698474	361.752122	374.414971	398.123298	396.320891	641.324498	465.951846	362.697364	298.048354	256.165142	304.576536	345.858407	343.178784	397.348506	588.283492	504.029250	303.631001	348.168581	320.884295	289.036429	244.757017	209.136796	196.971909	269.853619	407.502248	288.314863	329.749684	425.342066	523.424109	299.100272	216.725599	238.171142	337.554771	383.103736	359.025357	360.968354	201.763309	179.297257	206.114426	308.111195	203.735941	266.092950	246.591070	259.179921	267.995845	245.036014	228.498364	298.245362	394.084025	762.735976	681.561662	521.593023	216.548978	238.618308	218.959126	497.320650	367.737000	644.474678	316.684706	495.217111	956.423098	734.127852	475.022339	357.701148	425.225025	225.189620	235.832014	354.634994	323.892390	
2036.631586	2332.910529	1878.313087	2067.527828	2321.614107	4063.973626	4626.250897	3529.569083	4163.722641	6309.282929	14270.852907	18573.562354	39376.780835	175135.670007	45388.023615	10864.262167	6819.734356	5015.786557	4138.886127	2606.031459	2004.422242	1489.609873	856.480940	1050.040605	1065.443966	1040.967142	713.390141	764.361883	760.585714	628.446760	857.120951	1256.202682	1303.311310	1267.636831	1312.374539	1250.580928	1111.123484	902.989132	1082.179637	1100.123795	820.845053	1022.069643	1007.598480	436.229692	368.055122	491.294243	890.136057	995.640421	1049.290285	895.236186	726.212397	538.736076	476.851579	445.283014	573.079677	688.423964	661.397287	688.706839	686.214449	660.584306	609.715778	703.379252	670.216642	562.937826	553.118095	670.622018	478.658707	525.179782	581.841439	616.842339	513.365583	458.945627	655.510363	826.851670	812.367758	583.042752	538.087369	701.299349	852.857704	732.780063	658.086869	554.637161	629.353826	513.550130	368.305404	432.260240	397.964968	398.485979	375.388008	546.146970	486.046830	511.507098	512.194399	474.164420	312.000521	253.262819	177.262873	177.641073	152.739177	144.743094	165.035219	301.513490	308.494364	273.380251	379.594441	396.026809	330.722673	478.539858	443.823665	384.352106	318.874763	308.019211	321.663529	273.169937	287.833931	336.809733	358.066392	348.438095	395.161478	363.590073	360.862915	292.368208	276.637692	250.625479	291.030770	270.042456	265.002315	277.467589	253.812846	198.051225	163.077002	173.607086	118.721497	132.202831	211.933606	220.828445	259.025875	348.780230	390.710719	592.849963	676.018589	455.444944	434.100372	409.202196	591.104034	539.308908	615.725120	516.136908	622.020426	688.630376	675.451975	578.195972	537.861849	559.168786	544.764442	518.498952	529.410363	408.259351	
1076.448646	1457.296220	2408.805906	2382.072530	2450.480614	1850.513218	1604.125846	3024.840663	3654.678925	6195.007594	7607.167074	3701.171354	5995.863079	45388.023615	206093.457238	50965.065079	13191.618989	4585.134434	2479.766947	1372.556377	1038.703702	781.057640	441.756375	547.369098	585.505311	570.447549	328.208065	386.775087	368.964577	290.608992	339.207172	828.307483	1174.077200	1005.013780	1054.031188	1350.901086	1347.441988	1046.381181	803.124516	622.100888	535.374087	582.636174	567.629319	204.791201	133.664760	159.674992	595.025984	659.924056	1413.956200	1477.127014	853.953291	565.131008	559.428389	597.793077	522.582867	551.137886	592.658056	345.050399	239.027795	236.984248	236.703174	396.401747	509.086982	498.919649	433.541493	380.741737	516.832564	537.723272	851.843116	682.555223	674.808976	842.754600	507.127366	320.802916	538.407460	922.613483	956.414301	860.221107	652.322933	970.435667	705.814377	777.903060	385.513123	448.197498	273.171976	430.591535	522.018148	431.271687	459.858399	501.444108	548.071507	601.791027	527.983487	405.044586	120.024776	93.373878	74.276638	63.071768	44.456801	46.632832	63.874154	180.315542	162.642500	86.701034	211.752660	308.623324	276.645382	481.670251	425.234221	391.162948	413.410384	301.554053	227.420606	123.853117	213.644738	203.366917	192.538256	143.324432	475.943256	440.811077	374.840110	198.919393	133.775428	121.484228	157.327498	255.141423	271.960065	277.184512	121.060755	182.177477	85.533413	86.423995	67.371579	59.530373	95.432802	137.721551	168.600964	230.720903	158.937086	374.544599	588.105560	961.373396	1003.392982	766.874962	652.474255	528.380844	354.714928	651.235995	464.299099	346.721626	477.789523	581.170806	505.006312	710.164735	1254.859898	989.961498	606.361963	337.626790	
1208.495203	1540.059512	2033.402910	2056.891558	1865.032349	1744.915504	1483.406661	2262.690524	2989.136384	4130.965840	4131.498452	2762.359516	3819.670929	10864.262167	50965.065079	201433.657716	47724.363557	11598.252931	4979.640741	2126.786858	1446.786726	994.446949	540.259013	661.793839	644.052611	617.179245	374.509996	429.010373	431.883263	340.239789	451.098733	822.853304	1361.170956	1336.775175	1462.096254	1597.511273	1627.663741	1264.393323	1072.604602	931.447147	606.642011	698.598583	595.459035	214.689164	229.272293	202.331000	598.581791	774.826788	1471.406687	1604.746364	915.926257	570.229077	601.859356	601.743705	564.821807	624.874573	581.703526	371.756279	293.773083	275.366207	279.107762	375.260183	497.684280	514.488945	478.990524	520.583551	502.248657	572.522217	886.329798	765.355193	702.632820	634.935705	489.984589	377.031601	569.953900	857.596354	828.671096	855.420242	724.406763	902.273288	770.290499	688.088572	426.436598	432.057546	316.635268	397.026287	502.196115	419.038094	437.748459	585.872793	638.954142	767.425441	677.978359	403.188290	118.899711	88.738521	74.510954	54.612636	57.241709	64.577423	79.813534	186.786915	176.277493	143.110469	221.944397	337.121008	330.651934	592.225328	510.217089	438.362378	454.095194	312.014677	241.201940	161.264679	209.112588	223.228212	214.266834	199.378948	427.026784	489.011708	379.766775	202.655642	138.270279	144.544008	160.534356	220.501107	256.887978	292.600985	158.534758	164.162990	90.319200	95.649315	71.011823	69.816091	84.906177	130.884643	175.828830	244.730522	247.390453	468.504796	755.892035	915.872754	1000.366236	729.535273	644.737414	504.850182	488.537109	549.626102	536.299027	409.364912	514.794646	578.722642	530.753081	767.974119	980.146753	891.218612	570.874741	303.978308	
1171.225012	1440.547714	1699.260797	1631.691002	1668.930343	1747.280235	1669.768784	2046.429593	2146.460717	2896.430404	3448.296291	2765.589605	3464.774321	6819.734356	13191.618989	47724.363557	174066.763219	55376.648739	16550.221824	4951.342501	2915.408222	1844.415844	881.363701	1039.568668	1141.783595	1082.492801	660.843241	680.520530	697.445689	501.483231	807.517046	1440.738357	2029.374692	1677.521745	1797.238271	1764.045910	1786.420843	1541.541192	1439.720374	1454.268500	1006.105047	1255.940644	1021.545551	279.714291	269.570102	311.183922	999.414611	1242.572873	1890.263236	1540.294552	900.195615	639.182268	566.284929	628.197613	626.623136	618.772077	763.044785	525.084824	427.241341	427.957461	449.768406	581.487475	655.012084	671.970187	564.269122	560.099130	584.164089	587.023931	750.060916	694.477474	639.913417	640.667004	613.688551	468.229696	662.592093	780.362910	786.428879	831.066926	741.862099	793.280050	625.649040	672.221419	435.478524	445.302662	342.734644	424.395268	457.802714	434.720366	464.787325	580.781009	590.041681	752.570511	784.653838	638.146561	273.344862	152.076977	136.999925	107.992185	122.623551	116.429405	132.261776	325.304727	309.081153	240.112455	352.084610	460.491955	432.355450	693.736975	649.388361	487.082002	519.298994	387.791162	332.502864	251.078640	271.093691	316.252734	305.585898	307.402702	510.790570	538.769430	451.633016	308.775726	210.110255	213.918882	223.300099	315.405365	347.971149	352.761866	218.547311	242.134127	135.933762	145.965955	108.192680	94.020774	156.447870	205.486996	246.746080	365.049481	368.107227	641.268531	892.247629	931.929216	755.069264	592.057455	517.058060	480.465944	363.394923	482.751090	452.731430	411.392195	486.580511	467.769976	454.979128	515.739180	640.285987	626.771017	471.626073	269.537805	
1249.535220	1342.273233	1067.508354	1033.138665	1148.204866	1675.192817	1785.944990	1559.473275	1429.854734	1717.266314	2515.398140	3043.111904	3473.333666	5015.786557	4585.134434	11598.252931	55376.648739	179630.646895	49475.928642	10338.811920	5223.563709	2777.782622	1395.274530	1758.875836	1852.396357	1681.633643	980.270702	1032.009730	1128.054740	866.754746	1238.909539	1786.087426	2182.832503	2010.670450	1804.427478	1630.301908	1419.872253	1304.393630	1708.097285	1693.029607	1388.270639	1576.067578	1448.410022	505.032115	409.422595	592.389560	1466.823442	1664.376259	1556.411070	1045.554018	644.483194	514.593189	447.147123	468.678927	558.241438	643.234004	710.140005	730.266160	635.906572	625.572148	594.179175	670.514170	708.493437	734.342367	461.125748	528.019560	496.882026	489.252065	454.415422	531.365333	474.220958	471.301410	673.944261	580.873750	681.228743	462.774025	462.603394	591.598932	657.373382	539.768700	485.990553	441.007455	450.384638	395.459077	275.420515	366.167840	361.471556	355.269627	364.112736	488.489749	523.414273	680.806557	722.595221	654.290912	384.234453	232.045920	190.564270	174.622701	184.388749	179.277468	214.570982	488.843969	476.303664	385.459345	496.805993	528.491947	521.223228	612.108211	548.691681	460.605085	428.531663	375.445438	360.861934	363.532311	343.072486	408.435565	360.939611	350.920740	452.400808	476.524107	490.288217	391.770978	352.316148	309.861583	302.890250	401.319784	363.342352	382.059946	378.138524	377.267976	229.443349	192.996177	164.822313	140.130257	241.844335	342.416406	373.270379	488.853646	548.026661	839.582699	779.891846	485.326693	394.696569	386.770722	409.784165	352.510184	375.095448	343.230151	393.646311	402.883295	390.668967	317.319588	370.846185	355.964126	300.375360	285.282367	321.145174	230.247460	
1497.091295	1386.753887	793.845207	844.764481	902.600390	1895.877871	2211.850556	1341.585066	1131.669125	1161.390559	2025.612166	3846.920670	4019.081098	4138.886127	2479.766947	4979.640741	16550.221824	49475.928642	179533.739933	26989.129618	10555.627688	5574.562547	2438.001869	2995.626228	3004.635650	2748.234727	1646.208699	1904.889787	1959.648093	1518.859176	2552.232204	3170.280695	2423.074256	2241.215009	2170.197069	1733.638970	1459.334795	1251.055497	2081.882505	2364.822132	2175.366538	2540.688860	2361.189756	893.829087	838.886333	1216.099026	1893.032376	2182.687791	1520.772443	775.599217	636.246336	543.765170	485.403806	417.763230	580.933391	711.895783	747.870828	1077.827864	1080.043199	1063.775543	1052.730371	854.031115	804.324114	680.732134	490.220444	686.098866	425.564525	435.506202	376.450584	437.019065	347.944303	312.825309	569.491444	847.825576	707.182034	379.633222	285.311554	449.752198	638.799935	395.634309	415.762326	316.734661	487.634442	420.143000	350.748326	341.524232	273.926372	323.833250	350.983896	442.733586	448.151456	589.303699	731.121724	947.449782	818.755395	521.606874	403.853580	319.041394	339.054230	366.284001	438.344439	839.732133	795.780725	726.345825	841.339567	720.461458	682.150857	563.600226	547.261258	482.482350	378.041139	398.377140	493.163492	514.752723	476.896515	512.117933	530.956916	564.185976	452.305955	405.466589	535.974238	470.731854	512.186771	456.520310	516.283551	482.222956	366.326621	462.996076	486.375660	435.954194	398.289722	384.956289	276.135406	321.741380	415.304807	520.073505	598.044277	777.504748	913.553923	945.016602	750.814372	296.901018	242.011280	234.060421	292.183834	291.297768	360.124977	252.707277	292.210828	421.150147	380.679699	256.789590	292.364822	225.321093	161.096406	217.004720	259.058184	206.571867	
1348.454277	1182.639184	598.687764	598.124603	615.965617	1808.024896	2180.999128	954.030947	775.904027	824.087745	1436.156205	3673.461219	3563.757343	2606.031459	1372.556377	2126.786858	4951.342501	10338.811920	26989.129618	148832.151490	71824.635629	18570.321478	5771.551875	5905.799346	4816.305495	4285.974213	3071.023939	3002.377426	3193.965875	2740.503890	4332.500660	3528.665671	2297.354950	2020.199974	1783.170134	1378.684529	1116.458251	957.787482	1850.276811	2234.343367	2181.103970	3091.095464	3383.148729	1724.227106	1296.212210	1989.109968	2323.340734	2116.427416	1141.149552	561.215511	402.461105	394.545909	339.782757	279.165261	438.034644	476.844519	617.721586	1065.653596	1487.061081	1371.781998	1182.293663	972.695645	610.712215	490.522277	324.303606	539.360735	297.813116	308.096125	239.803508	280.365729	257.307924	247.506788	445.044250	760.705157	632.404021	263.146841	234.657262	357.147536	482.838004	300.253788	283.455609	239.276493	493.498559	320.755628	344.450959	270.733278	209.619494	275.815176	277.963626	325.570319	314.742595	445.278412	575.146615	896.776176	1270.095402	959.234099	672.529277	626.552030	604.093130	660.033514	716.888851	946.540166	1012.311152	1167.048625	1155.524291	670.477066	675.703829	454.514230	403.838360	317.113677	258.129816	254.370477	412.518636	542.843069	411.085052	423.958507	538.151754	547.979046	356.212087	287.597236	377.396385	531.825086	546.682062	540.683655	549.006538	425.822595	333.993797	403.428861	523.433935	476.734464	542.400396	556.044698	505.459754	507.680982	564.029324	584.656423	695.043571	796.573593	1142.919072	844.731827	483.225998	187.832496	162.590600	145.327567	220.478940	189.263614	242.642106	174.579295	241.619933	346.919768	248.002227	167.022313	175.570640	148.558979	130.437639	144.585546	193.997581	166.401184	
1126.964001	990.641491	481.810908	538.356302	528.228854	1476.991211	1909.775219	823.440330	629.403253	631.484748	1159.362454	2908.253162	2858.722958	2004.422242	1038.703702	1446.786726	2915.408222	5223.563709	10555.627688	71824.635629	154585.912513	35679.429593	8846.007593	8689.992114	6115.454199	5498.213507	3966.484183	3602.485479	3780.415884	3493.465441	4977.107633	3633.421457	2076.068590	1770.137459	1509.841486	1145.175241	882.549171	823.046132	1533.746527	1940.791021	1908.234417	3002.034132	3675.696580	1975.069057	1569.438648	2352.291980	2315.866708	1949.020039	952.411029	423.459055	366.547159	336.468753	269.637045	242.673439	341.441154	460.050145	562.074465	929.744189	1373.452648	1219.997621	1008.700842	793.647109	531.504698	429.273796	301.620772	434.244534	229.215797	257.738171	216.649593	235.337947	223.847659	200.503401	391.761753	669.345969	576.153428	176.421026	197.431543	339.088683	422.789314	251.317353	218.329263	197.008505	354.830303	249.814945	273.152097	205.402046	141.749183	228.927031	216.916203	256.299400	234.851928	349.940405	474.773209	873.262149	1511.830088	1045.662194	873.501366	791.179597	687.115138	783.944283	930.208623	933.717434	1061.721690	1181.470784	1076.027200	539.973239	594.346880	358.028041	325.865099	267.891596	205.035483	217.861959	313.691927	504.993195	339.777805	401.560230	429.163160	580.354751	298.518224	244.237047	306.175640	446.431618	531.195746	525.816510	465.531307	360.240397	323.622412	384.338169	484.928925	440.445462	602.087234	554.036230	556.234400	508.845994	548.825576	605.419982	672.430968	633.574597	960.142988	687.407222	404.849884	166.959122	129.353562	117.184380	175.352624	154.375510	183.165091	116.941372	186.936520	290.913327	230.094198	116.217799	164.813740	130.176928	111.468044	102.085301	188.875185	127.118525	
1181.334749	956.417059	447.100556	379.114890	454.388349	1250.447260	1866.647367	589.829217	482.174778	556.907425	995.039681	2394.724452	2166.540000	1489.609873	781.057640	994.446949	1844.415844	2777.782622	5574.562547	18570.321478	35679.429593	146416.773948	40104.379736	27858.802301	12542.573512	10718.189798	7758.949276	6207.880191	5751.373012	6088.077097	6865.622513	3708.295576	1859.936965	1495.034505	1207.321643	889.225148	691.731797	628.583714	1191.361701	1557.442598	1733.250256	2921.982729	4903.563959	3977.227610	2808.538496	3340.107908	2175.703482	1703.877214	714.891306	290.226985	246.079795	253.555465	185.698340	174.190523	242.854505	354.909574	387.818196	743.014477	1177.791651	1051.190514	842.990869	648.420539	413.264101	275.771526	209.918683	327.812741	198.334051	180.783888	175.362550	192.495286	167.667434	155.397484	286.567191	549.165620	457.093405	159.724353	157.749884	322.405563	358.519174	174.521070	156.200587	164.326373	273.604725	165.247756	201.318107	138.637388	137.496078	170.653491	158.614260	169.884427	176.261731	242.508913	327.070247	838.356839	1634.970290	1355.874048	1370.167858	1210.791929	1243.990056	1344.671414	1341.767815	1028.073397	1034.300325	1243.772060	916.837405	404.954161	389.338514	229.571956	239.634135	167.048780	122.371081	165.554251	287.239853	427.622015	288.291100	288.360842	437.438054	487.580560	228.291848	171.790496	203.870519	383.973416	470.052282	477.572399	445.962649	288.810911	194.036969	279.062934	427.067497	376.782912	654.279246	676.524643	748.756183	789.316991	633.884493	583.369628	614.240828	571.110485	761.614968	489.502623	267.482140	109.716619	82.811010	67.753971	117.085825	91.391731	124.030390	87.690075	123.520229	228.698658	180.677902	97.521045	87.605648	96.091152	63.838489	63.157073	124.436808	124.016118	
