156766.363650	45451.344809	10429.714547	7047.548992	6615.359451	5017.467698	2698.876456	2187.172349	1339.701009	1402.030172	2261.323266	2090.856686	2032.967830	2004.681550	1727.805985	1728.179378	1869.927727	1633.450390	1353.777136	1507.135295	1424.428941	1056.826960	977.301657	1425.246372	1597.967118	1388.299224	1604.652922	1642.939890	1744.090360	1028.893867	883.850773	1519.756297	1351.132700	1119.464754	1037.464122	796.129229	797.019747	870.370943	753.164112	758.798608	773.411864	772.736035	744.596934	662.695430	616.264816	638.349560	576.393098	555.043289	571.652924	492.607167	557.711086	609.130273	648.634021	895.104007	661.479284	557.494983	578.315739	562.842705	636.937522	695.150423	588.025711	605.278545	695.749202	623.006779	578.665723	378.490249	500.256782	352.433705	381.996035	398.071336	417.501908	420.250026	474.170595	572.058607	439.516281	450.664338	444.382037	409.723779	451.189872	448.784622	559.241912	616.231632	534.337930	507.114148	544.702135	504.128460	394.896650	345.484841	490.723334	510.067276	593.227348	575.792742	384.155822	380.983168	394.809534	398.287405	406.930283	472.445704	355.024564	403.347886	359.015458	343.171367	500.121286	431.487498	475.935339	376.345276	358.758961	445.620305	451.121493	353.905219	336.757715	324.672905	373.080088	475.410004	381.893752	322.479023	418.426140	367.923811	299.626668	283.764012	275.165897	291.907251	281.319085	257.831393	291.687337	283.380144	353.110697	252.199737	309.819564	387.927131	304.798669	276.914031	250.319519	238.803140	284.403637	276.871988	328.713698	455.878715	504.041196	446.449135	390.034570	454.859372	572.676978	742.489911	601.457019	515.943177	553.876943	931.669075	1445.165138	2444.634245	1463.807067	
45451.344809	131168.644969	24594.398449	13106.845348	11960.057831	7654.776441	3527.211151	2758.425910	1725.710136	1552.503749	2332.549549	2346.064311	2224.707256	2160.493846	1754.974820	1810.217071	1809.592082	1784.513985	1426.500106	1304.750974	1225.806881	1024.030915	1027.296849	1319.547575	1290.274741	1245.379823	1483.637032	1684.380028	1674.756541	922.471953	937.710192	1393.602807	1393.064249	1069.449719	933.593975	749.683261	726.661069	787.997381	780.899397	803.332106	735.228137	889.830014	794.311108	749.655489	684.781049	608.576733	585.903625	570.626875	541.692158	631.431230	595.136552	656.449453	774.179980	833.881293	678.648337	616.251676	591.804689	593.221599	609.045724	682.535951	581.682827	564.660168	593.771969	634.424866	537.332628	414.386023	529.806642	423.025342	347.214926	439.042482	405.892608	472.610433	513.085081	616.877358	460.470447	436.309003	447.334646	394.831983	505.193540	437.834715	544.786071	514.815929	399.581240	415.407128	424.181485	332.278729	335.478460	293.921765	369.085226	445.478037	466.365104	511.915199	410.749318	393.627863	384.198305	364.274084	356.392490	526.991552	371.702742	438.102427	369.280279	351.994577	413.048674	415.931755	389.313358	342.903870	336.100832	382.822374	409.762589	439.374713	377.578730	344.076536	331.610523	430.189369	338.625520	333.868339	352.527779	358.219480	350.964500	270.950225	268.347635	314.856858	268.888685	300.813308	303.510765	320.781260	324.373272	253.758125	274.152060	399.162968	303.698059	245.868651	246.870952	262.788578	286.139961	281.762145	314.361330	437.527747	449.296636	434.921080	357.957210	363.905319	539.222216	707.522642	513.073441	441.733353	436.463324	724.347116	962.285132	1237.552759	578.571391	
10429.714547	24594.398449	136269.743659	35421.697418	14979.204886	3705.103232	2291.109100	2738.281516	1865.605690	2031.776931	3081.379936	3130.054974	2188.007359	3589.618896	3720.176661	2872.922546	2346.760395	1401.825622	640.934965	884.903032	1289.888874	626.328899	986.959438	1113.413103	931.058385	710.361009	876.348064	1166.671545	1791.774790	2528.958407	2299.698205	1261.788313	641.054496	1217.017004	991.051574	305.727823	372.566204	581.874856	993.829379	950.830616	959.155736	386.515135	518.939078	960.523114	1067.126126	1168.124265	1134.045345	1208.649180	1178.650716	1074.243767	1055.793045	648.808677	393.998787	633.715925	895.886132	989.011729	789.940798	730.984142	798.651514	389.952812	305.839063	250.473360	341.013040	723.558977	768.939023	826.658046	602.360288	691.080509	813.641112	800.374306	813.850988	749.795529	719.040824	445.794237	715.554864	701.685217	695.074935	679.793327	295.080772	333.990125	401.221291	250.851632	311.226214	369.296116	302.522454	363.549553	146.162875	129.628581	219.770854	241.333973	374.439506	351.167378	335.883719	433.985907	629.145946	750.429279	624.313488	343.105936	431.878992	293.683140	435.212099	565.038440	344.819811	331.540851	292.809425	209.831936	118.267689	191.289398	327.972691	330.367129	479.485836	567.095217	480.026366	231.778328	124.584068	93.985693	290.682068	243.360733	527.460257	497.241166	535.096252	535.277765	459.072951	449.783466	427.129142	464.592508	340.934135	366.504588	358.883102	205.030518	445.155202	498.955832	552.367103	545.800436	413.196103	438.737036	464.640517	369.819966	221.740189	208.207497	418.250163	588.756612	301.558282	312.583059	722.045622	874.361638	823.506702	550.256827	392.021146	435.040483	117.354625	
7047.548992	13106.845348	35421.697418	128016.674438	34646.870455	6746.175356	3224.691691	3472.602134	2212.732188	2203.317188	3503.533347	3568.659503	2343.665814	3895.381534	3397.029325	2904.628914	2371.192212	1432.264458	697.743989	860.828524	1297.943008	647.433535	1053.850170	1172.383536	994.841264	763.532461	951.440482	1130.079037	1660.819973	1790.850848	1716.787300	1109.236394	663.600255	1309.287461	968.190963	386.881649	405.232218	600.564212	942.281911	951.462102	1017.595395	418.707125	600.314814	972.603430	1054.202914	1079.240116	974.849166	1076.083331	1024.962246	1178.138101	1185.138897	740.603782	391.948079	661.331752	944.429064	1081.566368	877.243072	788.428318	846.461779	424.607364	334.621999	287.237543	388.725927	677.610644	681.232543	665.258656	475.656529	599.889673	692.852479	759.745823	779.363909	687.769041	722.425513	536.047745	758.534163	681.911843	763.759048	702.392311	368.564861	386.466577	443.930751	234.927320	295.224508	386.222068	340.416554	340.211955	176.070892	147.898973	221.027504	217.684960	361.063162	338.643485	306.880116	379.335841	686.120345	662.382910	633.870483	322.636378	481.447888	325.117207	424.334445	550.455670	364.979437	317.388721	239.210209	203.443689	131.724506	183.715779	374.908022	373.035395	486.015341	625.180850	427.437587	288.681644	136.000156	106.315258	264.658909	335.321363	517.627724	441.481537	498.007461	459.631248	476.604509	443.022073	397.011068	453.607920	374.796112	412.137603	357.631321	230.071314	364.186166	444.648231	430.778418	415.764164	352.441664	388.621453	423.620295	366.449303	198.156177	225.804919	372.310131	445.318161	287.558156	338.576268	565.323035	556.463327	456.812336	425.926646	313.825203	313.624415	138.783940	
6615.359451	11960.057831	14979.204886	34646.870455	125949.111800	25022.610740	6572.142226	5527.346044	2655.289323	2521.298471	4286.686668	3983.729651	2918.120439	3507.770650	2729.087508	2287.020613	2409.182230	1756.640864	1053.245270	1194.832754	1476.100765	835.688333	1162.283426	1369.656992	1178.879415	938.323776	1187.077016	1301.311237	1600.083800	1068.912179	970.644685	1183.800509	869.289337	1263.837100	1040.580087	541.027618	609.846124	807.196355	917.616976	971.866878	988.864289	623.627243	738.666999	911.049442	766.327711	790.248287	818.617644	729.663554	745.888027	872.154408	935.428893	781.231441	589.525897	802.984118	971.361587	875.997614	777.089915	747.713249	904.057044	560.754600	474.658295	414.041724	548.268149	668.546717	634.404072	491.251744	482.997904	453.763446	514.106076	514.386686	602.709860	610.712308	624.132954	612.768305	665.807057	662.345234	630.414869	616.829669	429.235804	467.438000	488.016557	359.848642	366.435995	431.441301	348.646752	416.530039	238.973998	221.033874	356.803560	306.946612	380.878553	404.597943	412.350977	417.108243	486.341400	568.514326	566.460502	429.552757	427.881126	408.209104	456.117329	434.474085	385.414786	395.151309	327.930323	312.568729	214.438155	290.881649	409.302312	365.507314	496.366189	487.128250	414.302174	314.519345	234.369438	198.490119	352.756652	382.411196	397.846615	414.154367	342.833873	388.495740	355.032565	342.711185	389.583226	398.143755	378.000118	359.692707	346.966743	307.962735	340.903534	333.114941	296.540979	334.128806	274.569086	317.005904	342.518252	376.770620	278.156441	296.739745	328.317017	400.610315	352.129406	409.705778	433.085090	349.439083	293.398083	371.571189	367.742058	393.483202	160.099874	
5017.467698	7654.776441	3705.103232	6746.175356	25022.610740	141975.670212	45733.615413	11318.833212	4470.687463	3444.150289	3548.963897	2371.889374	3091.357476	1521.141639	1048.200877	1218.681779	1279.713009	1759.458228	2493.370576	1699.433869	1005.652157	1396.289473	1100.346075	1168.737494	1480.211345	1917.844608	1700.520821	1526.202351	989.622549	347.729755	386.706461	1004.600971	1470.552144	576.993300	679.529280	1254.205932	1282.737967	872.714647	452.445457	474.778214	454.509500	1306.972267	766.482371	455.213122	344.759488	351.558428	377.660332	308.257464	322.259976	317.774713	381.978593	567.893169	1106.981047	789.288396	438.393031	307.539081	426.983680	466.140825	377.423366	753.387725	713.082141	770.501610	694.172270	399.368997	245.643929	195.403468	419.638196	207.285797	161.616348	220.145157	214.385209	283.389217	269.300729	599.300124	289.891025	256.505264	193.775632	217.722306	556.611848	430.031957	497.910077	742.444350	444.306874	375.262935	422.430169	308.317269	514.701043	520.586422	426.984575	554.388799	473.303180	518.739575	406.108011	346.201291	184.155117	182.522893	216.764656	580.019732	214.464044	414.165303	219.813556	180.131112	368.426714	390.692745	411.979054	425.434699	595.128642	473.136178	301.388807	430.670745	215.758417	160.162492	214.651075	452.226377	470.934617	516.094947	337.018415	288.518983	162.827781	143.663611	172.191546	171.220073	131.714913	158.830303	218.909284	150.692545	239.513761	156.171776	210.013262	447.278899	178.239486	115.939207	85.900674	123.794793	163.543425	218.407586	152.682500	283.944281	410.615789	412.799603	165.647269	160.138367	382.887411	563.775209	180.028141	109.995735	98.777768	317.978795	587.807464	604.740306	254.296963	
2698.876456	3527.211151	2291.109100	3224.691691	6572.142226	45733.615413	126151.771726	45595.399263	8750.462106	6940.805367	7585.362597	3681.861387	4057.789684	2079.365622	1417.816659	1496.123715	1596.264480	1958.239005	2150.234387	1649.126558	1169.549321	1283.879020	1162.344837	1343.522950	1382.765887	1515.386981	1277.767523	1280.448884	923.439932	429.615248	305.316773	769.950702	1080.156533	589.452657	708.325145	1012.438550	1001.309668	940.455130	545.855352	541.500720	518.460609	951.921148	758.389785	487.603693	386.141822	339.027419	379.974677	287.964221	314.652188	308.015978	378.270070	534.737225	863.555284	701.859372	415.523408	303.877282	415.420323	455.510347	372.427440	647.932229	653.382765	652.863439	620.432389	419.544933	244.326771	218.026027	385.689442	242.751938	191.580409	233.455138	248.863515	289.304797	293.330607	534.875396	257.670729	261.194746	212.599114	221.956892	458.486702	414.675388	482.833478	660.956840	501.134414	464.244971	477.514536	369.370778	510.033956	533.429230	475.462634	520.544102	492.826969	504.075102	398.430669	353.775763	235.477404	181.977017	222.883170	450.674664	217.280520	351.605299	247.511366	224.156970	357.725457	390.429165	433.238133	483.908090	544.984589	417.725606	336.101718	407.803133	234.547147	227.783368	243.559991	381.537357	416.137899	438.828820	283.974685	255.769495	147.936227	164.198922	147.547596	183.665990	165.703162	153.853894	161.224330	162.942953	200.817940	128.993355	142.346988	335.616326	172.509613	129.361904	111.567428	106.061123	134.815856	189.307350	144.965533	275.640535	381.133755	366.223558	187.791934	157.707336	338.422262	422.360138	166.955527	104.475251	116.759355	260.151066	429.501539	447.155974	133.850238	
2187.172349	2758.425910	2738.281516	3472.602134	5527.346044	11318.833212	45595.399263	118408.571324	25994.136315	15910.755127	13775.891647	5809.477777	4927.719934	3448.096275	2175.681542	2235.680938	2309.663981	2114.213577	1782.226231	1392.668238	1284.079083	1231.719534	1251.410685	1318.526843	1190.594381	1135.464540	1148.104379	1242.323921	1125.663738	674.811197	544.006621	807.314699	934.123984	765.824504	775.130844	788.082268	819.441989	917.852679	783.063711	844.229673	674.007802	1029.767236	842.780711	634.610474	534.812499	483.227760	500.459208	453.487072	504.092919	441.214805	502.928921	577.265664	782.041230	586.815177	530.160812	489.114931	509.123108	613.895875	512.965274	646.945475	608.166247	579.465842	651.026638	489.791693	377.117409	263.064401	501.702553	310.216183	289.273204	358.648324	303.220662	432.612551	378.843889	608.697606	364.188244	359.394455	351.072579	338.680493	501.583705	472.209883	526.756973	632.393394	539.543511	467.393857	507.278678	440.350333	448.602605	457.386368	436.975220	507.970748	474.182405	493.694511	504.043887	454.556860	304.780812	270.504063	274.207612	443.485955	274.060092	419.296070	291.903239	244.120690	425.145686	461.542316	395.606054	485.406755	455.962503	419.153087	394.994012	442.217696	297.740854	302.404990	285.116653	407.276409	334.061232	296.246650	268.815584	295.904375	195.886697	198.733140	191.695742	218.970067	206.672340	216.865837	183.108242	175.198004	213.693833	168.998151	200.658864	340.734448	176.499790	168.360950	150.137522	193.500738	171.367376	267.392396	184.868137	268.540055	337.233672	369.085411	274.056185	216.266567	315.763685	368.026890	242.940071	162.882714	168.601756	274.740459	333.310343	338.403850	172.243768	
1339.701009	1725.710136	1865.605690	2212.732188	2655.289323	4470.687463	8750.462106	25994.136315	135540.249855	57394.157809	20309.117554	4724.564676	4354.909667	2828.520280	2142.996136	2053.030038	1778.237899	1531.349904	1824.812650	1043.171824	897.834234	1221.865294	1049.078558	1003.021502	815.487616	817.672316	823.679555	1024.230919	904.213305	846.455316	823.423378	704.676988	702.541752	491.279345	578.605294	667.225451	652.098422	700.718402	523.309582	619.638680	463.284316	969.872511	634.529629	464.108908	431.401408	450.228780	532.093073	411.054288	371.065765	372.073613	413.039261	518.498019	712.737574	476.664447	402.492749	376.936393	403.208966	613.083447	364.967895	546.818507	539.726102	499.766508	537.149179	389.221940	329.050929	289.085971	524.027922	343.495160	241.879711	399.245561	258.522657	372.017617	286.399193	615.414764	268.949140	286.505546	281.325763	236.601280	432.365727	397.843601	408.768383	486.897234	444.930505	377.973425	430.468739	338.779714	417.991380	409.133612	305.510460	417.288198	341.106905	383.103448	588.368613	496.742366	257.438492	221.453214	209.065383	375.265186	179.953749	336.305239	231.455422	207.179418	320.766081	358.258020	316.311389	380.607521	420.250972	333.356079	242.271796	453.360631	232.234079	232.454735	218.194526	332.923065	293.314617	291.158077	169.663889	223.852379	182.093360	170.601638	158.266880	196.510054	141.891417	169.865755	155.828508	127.288568	157.270997	116.881036	125.967970	303.843142	145.809836	160.497524	153.491222	218.744352	175.606668	273.855274	132.134472	213.207116	273.912576	295.181238	180.323813	165.472121	206.997057	248.597309	216.242092	209.372542	159.203540	263.300415	264.506803	271.666295	118.015012	
1402.030172	1552.503749	2031.776931	2203.317188	2521.298471	3444.150289	6940.805367	15910.755127	57394.157809	139726.596213	27511.834867	5458.209354	4693.063997	3078.598643	2776.603588	2452.569335	2042.021541	1578.258834	1663.065231	1145.317566	949.181098	1137.874211	1039.587437	915.103068	800.084317	765.407361	765.336890	1035.139278	1020.920602	1196.978380	971.300825	690.006484	653.455657	551.065903	597.218609	525.863407	575.472144	571.371205	514.302753	558.998512	500.428935	753.987435	588.913026	461.537108	571.488737	519.071734	545.718658	442.480269	437.529128	397.733318	389.461978	409.885693	563.367690	452.185648	364.430581	363.246288	453.563968	638.799493	381.440684	577.067430	536.598073	429.599339	498.418194	431.971777	338.131179	321.779979	581.980874	420.348402	298.303118	393.177518	258.028418	371.835919	272.653196	472.921298	297.242623	279.722583	235.582653	236.479508	319.839336	336.422817	371.804127	393.952363	393.556208	350.418951	378.402285	318.740637	314.001703	343.269288	287.361871	379.705172	330.479469	326.722723	661.642514	660.867819	270.615889	259.435127	211.347885	307.119913	198.884906	313.478951	191.602632	241.874703	275.730554	367.541929	337.249008	351.842687	322.460480	257.739504	230.826568	306.918825	196.404624	214.282845	225.138751	289.037580	252.495274	229.218809	152.522171	189.674619	154.901210	191.149626	200.481305	235.389889	174.701213	145.875677	143.946484	146.090085	158.851641	134.396206	139.219816	238.644909	146.007527	178.735943	179.534098	247.189011	208.335013	306.170653	154.698130	203.583032	212.336126	275.207944	159.619651	179.898072	201.558521	229.629579	234.645500	246.489769	271.437794	261.798994	273.248901	326.317372	130.430206	
2261.323266	2332.549549	3081.379936	3503.533347	4286.686668	3548.963897	7585.362597	13775.891647	20309.117554	27511.834867	110674.637140	29063.627089	10964.320331	10708.520371	5366.568954	4136.872115	3891.790295	2844.531993	1630.515084	1728.096340	1906.962449	1103.231873	1449.643122	1642.301127	1327.493350	1050.582505	1280.257956	1333.636678	1526.822933	1187.364179	1077.284568	1048.561924	813.076117	1143.978013	924.838420	498.633312	609.713098	787.298795	984.418049	1006.416316	941.736946	663.928449	671.254793	831.906431	724.990202	638.195624	665.470169	637.307332	686.656787	678.907071	655.407352	599.348888	483.813391	600.639133	653.312406	645.959839	588.141065	573.962636	635.997551	566.843458	463.762559	393.299621	510.168342	624.286300	524.258928	407.617670	515.061814	410.885704	439.954608	496.261655	447.091251	513.524747	511.271582	458.463547	458.818962	470.829219	477.872565	454.323492	378.985666	394.754256	484.172900	399.876386	521.407239	544.376896	511.697010	521.146883	311.458304	265.512823	391.473835	406.188267	529.468665	423.059145	409.788171	370.916255	410.162732	470.497936	354.719824	304.620961	313.417791	346.542829	352.279342	344.964878	337.866870	364.811176	402.576474	346.370076	230.615406	293.596609	388.781521	363.822772	363.731900	373.180825	356.436581	302.407976	221.097417	151.981017	245.354019	262.601404	252.315993	255.876593	279.701414	320.212945	276.239071	253.448697	272.359271	237.512277	235.802544	189.606012	189.119183	229.638781	224.827032	225.455970	192.582500	220.659931	215.766046	285.376012	269.754458	290.236233	249.552756	296.286603	303.527248	304.902754	278.917656	287.010315	300.364686	242.390740	242.514463	321.086124	315.130327	313.166043	131.618825	
2090.856686	2346.064311	3130.054974	3568.659503	3983.729651	2371.889374	3681.861387	5809.477777	4724.564676	5458.209354	29063.627089	101738.682704	42413.903587	26469.609608	8942.994707	6039.937233	5917.353420	3879.737272	1757.312552	1973.951477	2389.822818	1241.491898	1646.958047	1911.363721	1484.068924	1081.842725	1395.988292	1447.962499	1785.003296	1256.074662	1112.700355	1089.306425	803.069166	1365.499902	1069.340946	539.444285	587.401867	858.773769	1171.428187	1124.950995	1008.245037	587.692607	697.634815	846.224112	756.690730	756.426728	762.486322	721.018226	728.278603	655.289694	709.735354	627.847292	471.164339	599.973166	744.558705	677.119408	669.668352	602.712216	679.340243	475.305983	356.301390	374.618365	479.188020	648.973401	621.225811	449.262192	453.267746	416.238579	451.725291	449.285744	493.197298	489.911931	527.410237	452.127144	463.679896	554.353694	491.108274	520.451335	403.361453	428.160697	528.808534	417.546006	514.118398	550.689665	468.056206	603.496176	293.241743	236.344170	423.300436	363.791558	511.890853	387.038236	337.161980	365.698358	498.714103	489.886562	425.994831	323.897122	359.269773	322.684371	334.491468	397.936852	361.747175	381.868294	389.716226	309.313578	206.203199	265.110583	381.077948	324.793967	365.790113	510.018578	451.457556	298.973997	220.184699	161.929209	236.622352	281.365052	292.957721	279.257371	295.295761	305.015743	275.985002	249.715217	242.117797	254.824195	211.427225	231.058161	203.761793	175.813385	230.230892	212.994366	191.742945	222.597714	214.825423	215.740668	257.620847	297.838105	254.622914	251.344526	321.555290	396.942381	287.581500	288.390032	387.803182	311.538881	314.285153	276.943487	290.061375	244.782648	86.720982	
2032.967830	2224.707256	2188.007359	2343.665814	2918.120439	3091.357476	4057.789684	4927.719934	4354.909667	4693.063997	10964.320331	42413.903587	127701.598231	24210.188842	7051.354213	5214.764057	5084.282414	4389.209833	3292.937213	2532.210224	2088.012949	1737.724853	1724.460812	1872.175238	1700.408784	1404.454925	1672.908881	1818.882356	1775.450570	879.570244	817.754723	1215.217410	1105.263899	1036.073687	1055.794147	822.292946	811.197997	997.177882	922.027625	868.457405	852.043760	958.230737	818.411326	726.470451	619.905212	557.571298	621.938200	544.495955	555.603088	548.614508	600.755106	698.267546	689.164481	681.469243	597.706202	593.468180	562.949945	556.833609	560.180674	638.094915	563.182711	486.478251	625.806849	632.959866	523.740615	444.314976	610.541959	396.371346	314.959421	380.345521	376.160426	413.367373	429.144535	532.791319	386.570148	388.845241	387.652300	406.178837	458.483875	493.529415	495.960613	517.086359	462.490466	481.160346	449.945507	433.611177	369.541544	375.719299	359.773095	407.703805	465.487611	488.439540	408.092084	414.551538	361.312757	355.001535	331.529392	410.552733	293.063878	369.916995	294.914479	348.476273	404.364673	410.578444	369.938770	376.757810	303.825001	347.105088	343.998260	386.067981	333.502017	338.690060	327.286477	378.897973	309.226864	295.370255	282.976334	261.353033	237.466382	173.419422	251.483728	235.474142	224.968924	200.041963	213.944043	168.549708	224.111253	175.287085	214.756330	308.644208	187.405585	192.447321	169.265864	191.710908	216.683454	208.177797	234.925798	281.670414	327.900960	359.107692	291.907105	254.463053	326.189583	402.366101	309.846895	232.604160	245.436251	327.387537	381.686987	370.875138	149.375821	
2004.681550	2160.493846	3589.618896	3895.381534	3507.770650	1521.141639	2079.365622	3448.096275	2828.520280	3078.598643	10708.520371	26469.609608	24210.188842	108862.573442	27477.296795	13142.476544	11266.327761	5801.407693	1967.601590	2219.251089	2904.369445	1216.975570	1949.684483	2073.682996	1507.807516	1003.315538	1500.129483	1494.419662	2151.868546	1959.927213	1739.392690	1262.580380	757.466649	1524.626570	1168.295499	404.647264	526.309907	734.958510	1248.843348	1213.073239	1126.337731	413.230187	622.592317	909.416858	997.810183	872.581547	854.920890	812.733262	863.588291	828.998684	901.032791	547.162535	344.887013	546.239216	825.962175	833.266912	672.683215	593.571725	706.694409	328.336413	289.111232	321.788455	441.405313	748.625220	824.379969	584.084730	450.036533	490.902122	589.650327	517.925996	626.138434	548.417419	626.184947	413.195298	592.920133	563.515588	587.496136	544.493480	345.923512	405.316725	490.766664	323.166825	446.470638	546.111581	465.582918	568.467965	234.448593	206.384043	359.267252	327.291522	486.606132	330.493982	344.329731	375.664847	522.180520	641.534849	487.229862	254.132097	360.571706	304.021951	369.879858	470.550689	336.539925	349.288904	311.762730	277.820740	159.201020	216.598067	378.648956	293.255193	475.826838	551.743169	432.839191	262.989708	165.259844	108.960152	190.353484	301.050332	330.382010	356.243795	307.645197	298.692037	297.523344	253.452352	258.123297	275.849200	246.595704	244.585510	212.874954	141.328442	276.250270	283.102403	262.074810	255.987297	264.261607	238.307117	304.636898	306.039433	223.961969	252.430741	353.502710	496.477105	291.679967	276.335548	448.654889	382.097676	362.437556	367.119490	274.281047	239.937313	94.824390	
1727.805985	1754.974820	3720.176661	3397.029325	2729.087508	1048.200877	1417.816659	2175.681542	2142.996136	2776.603588	5366.568954	8942.994707	7051.354213	27477.296795	118936.371773	34767.879319	18925.972549	7798.610560	2518.671431	2555.211848	3288.196973	1288.019618	2070.952072	2054.874942	1550.287913	996.526447	1395.259942	1581.605165	2466.975792	3337.455276	3289.964833	1289.455119	655.285974	1448.959891	1125.416006	389.830384	477.065197	646.724887	1092.545033	1010.582775	1039.376079	413.999389	528.517080	794.353589	1071.655133	1039.465824	1013.463104	963.009082	891.438305	860.966296	784.784435	511.005564	291.260765	428.560523	674.063330	680.288702	561.434944	555.804226	589.627646	307.658986	300.976278	265.548861	412.247187	677.082629	740.568987	732.622090	531.639419	606.811092	715.402290	674.429023	640.683400	614.697720	580.080731	355.511953	512.399893	464.685463	583.803440	509.000559	302.892896	332.169817	441.566147	309.477728	441.809884	503.527395	502.389679	592.776779	233.132474	184.445020	316.736328	308.237494	398.363031	319.152597	354.361693	394.768981	561.779310	559.199956	430.721580	231.800014	360.878964	278.960138	345.829059	528.535274	337.620565	335.572244	308.310950	231.554431	155.717890	189.326257	353.452941	242.766309	366.635485	474.462150	443.346847	234.881770	137.569301	120.687174	207.582706	190.804448	303.365832	320.414999	343.998859	350.543781	283.262652	227.454146	245.326295	269.155060	201.078984	176.608971	190.789971	102.542664	285.268252	343.051400	364.691131	369.234905	310.779141	254.154167	322.132605	279.611503	202.234628	211.927004	392.794312	467.971559	268.591695	249.801407	584.370855	744.886158	747.176844	530.008871	332.164319	303.556949	150.888207	
1728.179378	1810.217071	2872.922546	2904.628914	2287.020613	1218.681779	1496.123715	2235.680938	2053.030038	2452.569335	4136.872115	6039.937233	5214.764057	13142.476544	34767.879319	114736.133191	39266.272829	11384.804768	4257.513343	3650.050531	3914.281269	1840.019394	2424.936427	2501.823095	1912.744410	1302.168352	1632.273883	1824.954642	2449.387043	2333.389318	2115.025213	1288.879478	800.766136	1436.613142	1088.012359	503.638283	547.982884	766.323076	1067.271008	1028.440332	936.116885	503.973525	616.083897	769.871492	935.624244	950.616546	817.071786	865.261730	757.348646	727.744961	742.796356	513.277708	366.552814	532.480895	651.916206	640.129750	544.455248	514.906491	569.066722	399.118215	351.560995	327.411520	455.921445	709.637222	669.994155	516.970902	474.627718	495.844562	558.355365	578.449963	512.957556	550.353443	516.315111	418.517876	434.235025	489.946652	487.354336	513.861571	370.660044	426.545023	458.389790	380.201752	474.363514	546.727882	471.616785	548.387806	294.621951	256.854713	354.723863	340.017471	500.594183	355.933940	353.826492	385.150962	503.155713	473.522959	456.963208	268.390539	315.967671	306.426175	391.426758	414.799129	326.997163	361.052110	346.813770	286.439313	202.008877	246.794674	378.465536	285.568440	373.746751	432.046474	383.928987	278.685657	203.931093	156.870684	218.799579	226.440251	313.313669	290.337576	252.297892	298.830552	262.412654	237.854325	270.249362	247.778487	209.605082	190.925290	171.790573	184.758337	259.067932	296.462142	288.058688	295.892350	265.029021	277.387120	316.567962	303.288641	230.146194	255.678426	366.016992	414.752079	323.548835	291.681808	462.733495	463.448682	475.612228	400.535116	327.195273	330.898655	116.422576	
1869.927727	1809.592082	2346.760395	2371.192212	2409.182230	1279.713009	1596.264480	2309.663981	1778.237899	2042.021541	3891.790295	5917.353420	5084.282414	11266.327761	18925.972549	39266.272829	108815.290209	27749.010159	7289.538705	6062.336064	5645.082756	2469.578829	3064.352197	3099.826722	2322.459396	1597.880783	2063.093226	2059.277726	2398.824788	1641.248298	1443.915951	1354.369624	957.505125	1506.786059	1206.775308	602.100631	667.131708	897.735257	1098.789365	1026.118328	1038.997799	585.815760	710.156039	802.192406	741.733166	747.067858	610.742044	675.463821	651.609635	599.373654	611.355580	576.503686	387.944440	558.774028	671.993588	597.914526	541.509240	534.309608	583.029516	469.946527	413.688192	399.196527	511.522259	736.169922	609.404614	444.136532	379.341667	374.300468	444.344240	435.473360	452.040782	463.419698	542.482936	462.479094	449.313016	458.313011	514.212965	487.769523	380.099616	407.805883	561.742121	443.751380	545.952094	578.227472	534.099041	639.135166	313.883513	273.151421	429.238452	405.732853	549.681531	389.944254	376.328880	375.027673	437.096251	473.945088	372.023913	320.187537	301.471339	309.120654	364.168116	394.422739	333.678032	424.428893	397.610991	368.837015	263.462183	308.497504	390.257113	323.035430	378.030361	448.415943	398.211506	315.838443	235.597153	171.146930	242.097925	276.605924	275.847609	253.696450	240.307679	219.644681	240.340477	213.006747	249.502700	215.329260	176.535446	183.645377	175.673649	174.557620	230.954470	243.148675	207.196485	221.477324	208.606073	227.992489	249.862223	280.014269	263.216965	307.727630	405.695949	403.261193	351.661342	347.238726	434.428100	329.586038	332.202345	422.221736	377.214256	337.148114	171.284991	
1633.450390	1784.513985	1401.825622	1432.264458	1756.640864	1759.458228	1958.239005	2114.213577	1531.349904	1578.258834	2844.531993	3879.737272	4389.209833	5801.407693	7798.610560	11384.804768	27749.010159	117052.052791	37859.361085	17953.060337	7964.668076	4245.960393	4058.079918	4081.013274	3095.767481	2302.900368	2545.338708	2406.380779	2099.397317	949.514047	849.610273	1214.920799	1135.142498	1198.986483	1112.796329	786.642982	886.671658	964.278082	867.902240	801.106635	799.810273	691.216793	675.493656	606.845798	484.101793	392.056164	435.322697	355.131795	373.634575	349.471769	419.778451	514.885697	537.368275	589.157460	472.531585	405.185527	430.550025	414.632933	478.904876	560.855036	565.337108	522.357203	605.463363	524.581938	412.973527	293.790206	400.841504	309.378053	239.702433	281.011890	260.784955	311.633601	416.580437	406.138576	313.698350	292.931057	265.392106	316.377918	401.677492	400.844032	540.294334	566.079169	575.598259	559.593914	569.480559	554.733613	470.126934	410.873925	500.998195	518.474748	567.328737	453.035013	335.347313	311.310376	289.306585	254.609798	278.150069	379.264172	288.144111	337.352429	300.895128	277.712321	344.578440	420.851687	406.455152	420.919038	338.528225	414.657682	379.834629	307.742601	256.363308	254.674577	313.145294	340.495512	300.089944	261.763104	249.666368	234.332132	170.234633	167.962891	155.135149	187.149327	152.641675	146.253961	176.039887	154.789633	155.671163	131.213562	175.464985	258.602751	138.763149	138.513125	128.677755	122.450923	158.743549	175.258595	148.055686	268.860930	297.920606	318.346839	309.543846	271.412248	372.318956	428.168189	300.413964	224.585132	217.638943	364.000210	445.185007	460.053969	239.443314	
1353.777136	1426.500106	640.934965	697.743989	1053.245270	2493.370576	2150.234387	1782.226231	1824.812650	1663.065231	1630.515084	1757.312552	3292.937213	1967.601590	2518.671431	4257.513343	7289.538705	37859.361085	144654.444061	40871.755431	6310.477391	6124.222643	4194.826539	3610.593202	3322.957830	3177.778947	2448.922949	2340.948972	1328.531007	573.493530	533.895725	1001.021465	1365.571798	600.285266	762.502984	1203.313588	1064.049635	870.426901	436.828453	479.355679	440.345049	1036.517640	677.066452	377.224893	282.268859	302.999080	313.766704	219.125896	213.280085	250.413106	255.086235	461.501204	827.564729	599.423251	282.015276	249.572091	324.553271	383.722379	273.406803	639.382763	681.117345	685.104942	620.965512	380.307131	234.653586	169.955315	384.457543	200.937337	144.121652	204.590976	156.980328	191.510989	175.278418	392.546687	200.290761	146.574064	150.217964	129.553948	423.275449	334.149405	435.682093	631.553780	505.418398	407.913107	473.206854	339.570486	582.102801	613.656214	449.066786	562.947731	459.796707	474.132017	368.291082	281.723126	152.597229	125.174112	151.313637	433.367850	155.227778	361.847458	189.918517	164.938026	298.005883	344.453519	391.902557	409.699670	552.779286	453.295072	238.742157	389.022784	143.183122	114.739827	158.912387	350.030703	438.489867	466.708453	276.118133	221.160675	108.343544	91.005465	94.167050	86.349077	93.804256	92.190637	111.859153	94.669120	130.136738	80.782191	128.759492	331.894934	121.302079	97.195175	67.225779	104.802822	108.222634	170.909666	108.822294	210.649173	305.291133	326.490897	157.293439	158.739383	312.099359	430.869727	145.231726	90.271273	136.695713	295.433086	461.550595	522.193325	206.522449	
1507.135295	1304.750974	884.903032	860.828524	1194.832754	1699.433869	1649.126558	1392.668238	1043.171824	1145.317566	1728.096340	1973.951477	2532.210224	2219.251089	2555.211848	3650.050531	6062.336064	17953.060337	40871.755431	123186.771106	29371.427571	15938.724089	9810.652217	7609.167366	5194.567836	3666.153181	2883.659422	2219.973882	1547.025152	784.468219	588.724094	968.750438	1134.094698	871.552054	950.178248	1012.591032	1003.898596	928.493875	632.110533	620.802781	568.507581	799.900088	577.585312	397.426957	310.524063	279.381985	306.098454	270.901627	281.185663	258.823376	323.451765	390.001923	550.841241	522.784376	396.231977	289.393409	370.253955	344.983127	326.441692	529.131671	532.028100	546.960598	555.326776	377.795263	274.886243	183.224147	301.583947	215.932548	194.520787	172.481437	246.144389	238.831419	247.396631	328.108465	241.349173	191.708186	219.912903	190.717942	375.932579	338.285820	467.384720	625.880119	639.655615	552.586435	623.460800	556.655429	497.289472	530.674561	548.498165	564.283907	554.853634	426.922604	258.295758	245.398575	193.822374	181.132604	171.908921	320.243844	185.742944	261.068725	232.170789	209.260584	287.499419	403.059615	403.621152	435.559393	437.215138	419.860349	310.220207	291.079974	209.220913	182.922654	227.992845	348.361852	349.252259	337.431316	239.839157	195.630065	123.637240	121.313526	120.700031	111.995412	119.697120	126.307108	142.963276	127.410744	134.238082	101.833062	126.809387	241.602260	132.917393	111.749493	83.696428	84.067209	109.182091	117.408641	114.348914	204.385100	293.748418	297.903320	211.884891	177.427437	317.370031	309.347426	163.714644	112.813895	120.303864	230.332157	404.642021	428.525404	130.768346	
1424.428941	1225.806881	1289.888874	1297.943008	1476.100765	1005.652157	1169.549321	1284.079083	897.834234	949.181098	1906.962449	2389.822818	2088.012949	2904.369445	3288.196973	3914.281269	5645.082756	7964.668076	6310.477391	29371.427571	133851.552674	27396.854454	18240.568433	12478.721414	6299.923295	3266.997622	2980.228292	2204.202866	2177.477130	1187.297094	922.070388	1081.184389	876.287818	1425.710382	1214.916329	718.615402	818.350580	959.706485	1043.129843	894.000904	894.951015	559.242784	562.916514	526.511120	457.821848	457.035422	435.732814	436.723026	414.069955	406.444556	440.518296	385.603855	357.845497	494.923445	504.237868	448.055009	430.144478	359.291307	473.046825	424.104793	448.552264	450.604432	519.239725	519.763719	429.240886	274.980005	282.165197	227.147565	297.513267	287.987495	269.876452	296.449887	322.578518	360.301477	354.178275	318.847758	305.714996	342.737427	345.525622	361.312494	560.501817	582.790165	758.584847	788.353662	715.951140	926.460416	503.660362	428.695050	683.870246	637.608243	705.824796	361.235040	297.516443	265.305011	306.769773	264.630792	322.092852	258.963668	260.873948	259.810603	284.947764	307.325064	298.587083	464.547113	448.455387	508.662616	334.774533	377.430131	427.625256	288.851933	337.433686	281.852036	341.072049	298.152347	258.227871	220.129813	244.982903	224.174181	205.638472	168.000544	151.645029	175.170924	156.296532	140.639032	156.628265	161.129773	150.828743	154.232163	136.397987	178.059211	136.759033	145.164119	123.055855	138.138968	142.669935	157.403745	179.170949	237.345149	243.789274	304.292348	296.744602	315.108044	311.708226	271.685365	268.755710	220.095747	210.377372	284.171683	321.912877	332.910637	161.693496	
1056.826960	1024.030915	626.328899	647.433535	835.688333	1396.289473	1283.879020	1231.719534	1221.865294	1137.874211	1103.231873	1241.491898	1737.724853	1216.975570	1288.019618	1840.019394	2469.578829	4245.960393	6124.222643	15938.724089	27396.854454	129969.660772	60952.790367	14204.618059	6088.016553	3650.908787	2563.970562	2300.481522	1426.563408	642.771629	569.402633	819.805581	1092.000527	703.945060	748.952296	1068.978612	1018.647126	930.832387	551.249479	541.689560	503.809284	852.614247	555.833728	404.195341	270.178189	278.421325	230.588038	253.873866	242.819082	229.356841	276.095253	429.115474	680.501054	465.767035	284.411831	284.539685	341.518487	383.529961	293.447834	499.193700	532.228759	541.605253	517.181419	342.873420	244.746131	160.168648	327.402877	212.630864	130.117266	187.902472	184.867862	237.049943	194.218562	413.277713	179.112157	212.181904	165.635721	209.259903	415.820714	363.645019	393.138595	647.861082	506.614457	498.047511	498.127582	410.315874	560.134499	520.763279	488.251052	573.386057	442.989018	435.431898	333.561652	311.099942	156.107251	136.510110	204.610213	327.790647	162.087525	300.681902	162.258704	171.880667	301.254400	362.466496	370.086154	424.462683	538.322363	373.351373	276.995112	320.541988	168.052395	163.853809	192.543442	357.698479	354.346432	438.451275	185.151691	205.279967	136.057657	100.328626	118.823371	111.221234	93.348149	102.587618	112.305634	108.139931	125.195619	106.738995	129.417113	260.663782	120.646125	98.180044	77.532875	97.216314	84.601372	153.169408	85.132899	189.248406	271.900068	310.262020	150.953635	169.079002	269.586318	324.310880	136.327321	71.312115	100.730693	206.860491	353.999821	322.104163	85.585690	
977.301657	1027.296849	986.959438	1053.850170	1162.283426	1100.346075	1162.344837	1251.410685	1049.078558	1039.587437	1449.643122	1646.958047	1724.460812	1949.684483	2070.952072	2424.936427	3064.352197	4058.079918	4194.826539	9810.652217	18240.568433	60952.790367	116695.729086	30492.573167	8514.339383	4079.852247	3085.847717	2371.098825	2055.321180	1094.544454	901.247119	912.033997	977.398959	1061.624393	971.381800	879.882922	903.712357	983.399062	842.490432	723.071670	720.943050	695.020040	595.787002	493.131863	391.417018	380.558203	400.112026	390.272694	394.109488	360.553676	368.568427	484.465179	476.698984	455.885299	452.833850	395.879038	415.922915	451.581467	428.789286	458.978576	481.701362	511.259566	514.833676	426.932686	341.286843	231.953371	323.304756	253.178255	225.969174	260.568619	258.135536	302.446017	319.003204	418.463482	292.959716	288.098264	315.477357	316.365527	359.995121	368.267141	463.272273	575.322179	636.703587	619.847971	617.967802	642.280163	527.453167	450.238901	552.412721	571.255740	536.696916	378.011707	305.999581	334.629143	290.875757	227.755250	237.443398	299.604498	246.142849	301.996109	241.078233	248.631503	317.050544	451.817873	410.960626	453.502100	428.308109	372.856871	342.767624	327.400825	249.025747	272.699292	268.492676	301.184638	311.272093	300.678322	256.141176	219.377967	168.597364	146.850149	171.401645	168.017116	152.864123	161.589231	169.529060	156.428260	157.035494	134.388744	148.032610	251.026749	131.911757	138.237117	94.511183	105.527216	148.596363	168.923671	155.416853	216.018555	269.650262	285.670324	232.569478	255.020172	285.827503	324.657984	192.363562	154.521884	156.057244	257.447881	330.726184	303.172374	152.496614	
