274210.939429	13775.420237	13669.663370	4904.434794	2723.240982	908.980731	1282.892317	672.380782	413.794856	527.042146	738.460906	365.756481	926.295493	1994.765765	2972.867242	2462.818543	2160.306333	2207.958998	2191.322144	2528.498214	1347.015925	1271.625547	1122.935520	738.106542	335.880355	252.011141	621.870313	412.146576	582.191180	639.697664	567.135083	321.310763	180.550988	111.583271	273.349605	509.394423	714.095585	1233.988222	1166.153071	1185.224390	694.079833	261.084922	352.038490	479.097528	651.470982	552.187199	357.694524	467.870046	600.611750	812.965308	749.525739	898.741939	369.044304	336.516391	438.123243	507.117795	403.652209	403.410679	420.362274	449.479916	410.929166	389.432003	85.711378	93.519757	56.577793	103.953088	122.831224	286.478034	119.532178	172.069852	167.305448	73.201461	114.408429	49.215532	197.056752	230.810664	191.451703	205.370903	335.685808	93.921082	119.623415	132.598113	219.531035	131.515398	114.757290	103.122518	102.535448	309.579625	505.254886	198.928087	55.410457	36.739048	54.022348	69.910013	62.080694	160.871791	98.175167	62.081866	40.307987	23.901905	47.547754	47.521240	59.480661	80.015713	75.631745	43.843492	32.325247	76.826613	63.895833	57.422480	39.269120	45.106145	29.948435	46.274839	54.236675	60.174064	36.698718	52.838708	87.299345	159.773970	210.207838	195.694068	247.026744	235.096441	151.391514	68.390813	149.128985	180.009556	188.323956	228.878589	221.374749	296.628226	373.891537	433.549053	366.833455	397.300247	342.738337	365.326063	212.616664	175.039157	123.642581	47.734583	66.144225	98.642021	89.091910	50.579309	73.780956	60.576838	37.610778	43.653253	112.384199	94.113780	132.311520	93.697074	87.799402	85.458632	118.431347	340.370138	263.056940	310.893215	471.170699	235.506539	59.912369	76.511547	202.494271	301.516372	72.585236	54.654586	48.843603	12.765609	90.114863	107.869035	25.089992	74.975039	40.015042	39.588984	44.829980	
13775.420237	287373.901631	13855.875137	5371.367738	2727.194309	649.027593	1309.512858	479.641148	264.227196	244.254600	462.941978	383.949990	1038.669461	1594.816381	2514.649101	1591.345512	2210.730360	1625.537445	1589.803375	1734.992184	940.693203	708.680392	1362.833495	591.602758	312.520971	100.207088	619.951349	220.392600	401.260504	589.846534	395.769515	166.091470	129.226350	115.358909	108.691893	476.475466	437.804402	897.006532	956.518721	854.880539	379.887554	166.104148	261.094852	267.466713	521.430794	402.968140	400.614302	348.264967	578.111544	401.965624	458.384099	557.491577	251.810882	199.859216	305.046612	417.281786	481.512196	406.634345	503.724743	232.344473	404.110159	295.794511	113.929187	38.673672	97.487021	85.976435	160.405211	187.055734	41.192261	66.709564	135.365130	61.918671	59.139831	38.160627	126.449722	138.553893	166.261070	285.533832	247.888852	20.806947	82.447404	82.250897	170.219473	107.341167	66.735184	159.917805	130.947272	285.454331	236.536380	132.209491	57.285378	56.973277	18.616767	36.137778	64.181316	86.773149	210.801702	19.254758	71.437520	0.000000	65.542167	36.846910	55.343975	22.560873	39.095446	19.425867	40.102842	79.426191	54.047351	19.788494	0.000000	0.000000	0.000000	35.880479	18.690626	18.663051	18.970245	18.208870	58.019972	157.672042	162.990473	275.885126	255.385376	140.221955	70.431364	63.634455	179.870898	124.067021	184.449093	277.774994	187.253506	253.791907	313.413152	350.780112	239.523777	239.600478	375.178826	306.233176	117.755874	141.622395	67.672731	55.518497	111.898381	101.979767	59.211327	17.430253	22.883244	56.363916	0.000000	19.341577	52.284122	97.298304	41.036562	68.377057	54.462160	132.525438	115.994560	295.585270	294.621151	252.538703	324.742453	134.552174	111.491318	91.269766	235.514318	187.031261	75.041300	0.000000	37.872241	59.389011	59.891191	44.607598	0.000000	38.755983	41.369029	0.000000	104.280501	
13669.663370	13855.875137	191231.505022	30732.448685	11143.086181	2543.010264	4251.024939	1694.584570	678.933421	1141.797611	1557.272208	1099.179126	2608.775377	3924.572817	4289.910643	3497.725317	3104.257281	3128.523100	2956.674450	2876.250711	2100.080353	1890.394404	2037.874104	1874.545189	618.510836	618.291876	1013.099922	821.043588	1272.952352	1239.156288	1028.999380	800.026850	298.377462	342.460548	577.007188	1077.289771	1499.064896	1810.076465	1785.172091	1774.831732	1303.182690	481.019624	715.689450	882.239786	978.848829	989.074973	947.122712	844.671379	957.190389	1178.406759	1177.820787	1431.659975	860.802577	690.259129	955.618301	915.527488	829.637233	801.129295	848.591538	826.927256	1042.240947	731.759335	185.687325	135.069065	202.016122	342.814541	280.110223	386.534808	278.139617	344.300551	443.875818	336.393527	149.173406	184.366846	311.594352	430.136892	456.242463	342.640146	663.749275	290.675768	302.347769	165.176771	407.655137	309.911164	214.946772	167.555449	211.246430	549.837767	760.710585	274.482327	77.805411	103.912318	123.537366	98.866357	174.343046	257.599352	204.508844	134.495746	72.770213	32.363562	76.302720	70.778971	105.236017	154.962688	59.168254	42.968800	84.036293	143.322595	65.018071	46.074642	44.899970	93.065818	67.043760	48.036936	67.453544	91.253843	128.091457	80.553758	177.869947	298.937728	363.235432	456.074571	488.916234	457.081113	355.309992	274.102678	373.931543	422.475425	390.095552	373.682882	465.058840	480.120624	379.463304	428.788855	526.325994	410.436611	447.694143	442.072145	331.754767	274.789359	223.218713	127.112332	104.215668	187.581640	135.567248	64.934110	151.848906	63.430353	58.200681	112.585149	139.996405	208.421405	222.148378	85.573264	131.034158	145.466963	279.079082	439.973998	464.357499	416.945303	556.285166	290.907729	194.693537	157.256238	258.186625	487.187876	135.410167	76.744044	48.499015	55.311483	109.234237	160.986610	77.003769	78.957980	43.344806	64.324942	149.727925	
4904.434794	5371.367738	30732.448685	144319.577838	52501.315396	11617.961077	5925.308689	3253.124821	2826.463645	2865.116144	2803.806615	4386.785582	4105.292674	3107.831316	2029.565135	1589.275292	1566.754519	1369.671432	1172.347749	1356.808973	1555.371266	1353.467772	1356.511276	1808.959578	1971.698107	1488.835167	1470.570898	1365.378809	1053.673742	1027.605613	1051.890599	1429.862561	1311.758738	1041.465472	1365.539479	1365.262456	1278.951214	1034.393941	1005.508994	968.953203	1211.614737	1567.014596	1016.701051	750.789585	677.939467	664.931253	694.362600	713.379012	717.825123	608.800975	602.117013	589.636703	1101.424724	1312.062091	879.841258	696.951377	675.081230	570.956607	624.486966	622.485941	667.876927	802.255920	893.721718	589.736818	590.196278	523.445231	618.808406	617.315322	648.768500	575.939866	501.156539	534.577480	524.046343	594.941280	540.098597	481.427601	552.473506	593.879987	523.567888	742.544427	464.429951	536.331495	430.584931	542.359582	478.952863	454.557315	455.564867	407.531396	444.140036	461.389002	370.279912	344.057513	314.395405	296.095612	284.359825	290.315834	341.176891	283.099184	211.367276	182.220658	180.498748	221.397662	210.775847	199.230423	194.867010	160.934744	151.513479	177.156807	182.055648	181.954222	191.267682	152.833405	186.036494	178.842352	192.278318	215.781590	243.511837	333.201587	469.225377	369.111160	399.579827	337.814737	328.084155	356.162542	480.900668	617.943931	366.104633	367.085927	281.267372	275.362461	227.298576	236.826151	253.942414	279.428717	291.655683	222.804369	250.476950	322.004724	394.510366	365.306690	331.659922	316.739566	293.728897	302.663211	234.488783	321.334041	211.451927	232.619883	257.907828	266.767261	256.241291	303.827730	221.353983	340.039897	290.880289	368.844238	459.361826	354.632998	288.852829	288.431287	279.804652	368.360285	402.619473	515.996266	323.401973	346.928389	405.631796	287.210451	232.730229	244.203651	244.451102	203.051808	216.073590	198.467456	143.115589	166.277183	367.086037	
2723.240982	2727.194309	11143.086181	52501.315396	147461.886656	32313.441724	10850.603089	4733.842327	3081.970538	3648.565088	3639.513700	4200.490617	4134.029076	2799.060001	1477.068656	1258.240995	1090.102516	957.673834	861.975887	903.901098	1274.256389	993.733726	1122.157144	1429.608121	1685.704568	1473.962225	1315.676962	1357.213076	917.202087	952.668322	1090.947685	1403.134809	1159.136333	1073.214433	1436.106439	1389.789811	1176.819115	771.696397	724.817262	696.687138	1023.522954	1301.052002	745.568735	585.065840	517.701718	526.729860	522.831037	560.903411	474.217864	453.283937	458.544997	492.076997	816.153637	999.646845	691.311806	571.555614	556.181240	514.416552	559.627140	468.836504	486.346260	779.198957	809.181160	588.819899	614.773899	629.568411	652.276059	582.883138	604.090516	589.029772	561.511100	602.060734	585.295433	613.074792	602.955246	459.236374	563.585268	669.702005	552.490226	696.028527	498.157120	501.083790	424.238518	450.132119	440.606819	411.666267	491.786036	402.891481	341.915043	457.605406	372.103621	345.759206	429.080864	349.936476	315.882913	294.264230	303.661002	279.677226	249.404457	199.485127	219.643329	249.172544	275.340651	264.506245	248.734318	191.217622	194.968225	192.278852	223.474131	209.039846	200.623861	251.103657	195.499476	208.179824	258.769065	293.486146	343.102424	389.077976	471.287540	444.340580	402.494855	359.880483	336.091581	283.908857	464.070752	502.464272	309.486539	266.837725	225.106881	212.418086	209.797542	181.524909	201.908917	203.523879	207.260793	195.856543	206.420785	218.114555	370.354420	411.793588	356.534819	320.639300	352.976749	355.014158	314.325069	339.660509	265.538801	246.584716	283.392870	309.573855	298.472788	339.495608	311.987342	416.562445	351.585838	419.684936	494.310275	290.620069	262.078153	232.417159	227.399509	422.257558	519.731909	541.967503	379.311148	348.000254	448.904487	353.461940	269.745006	318.436834	313.939999	250.782696	302.813927	218.660469	134.082702	291.104169	465.949735	
908.980731	649.027593	2543.010264	11617.961077	32313.441724	171344.554623	32337.286571	7703.737046	6900.582616	6452.347177	4513.079522	6326.710236	3338.134114	1719.265936	898.616256	750.060450	762.207189	670.269867	499.238745	578.386445	835.178441	691.743810	784.978836	939.533205	2052.103045	2008.330732	1061.186184	1109.978751	696.033235	654.307773	803.118468	1214.511865	1985.646632	1503.459695	1411.223682	1044.003002	739.397547	451.884939	458.900501	468.161502	763.483943	1530.054018	683.371917	407.661765	366.471417	349.497665	390.772977	451.343774	350.916675	298.720066	338.154817	311.229426	732.100129	1124.604191	504.257851	445.430167	404.498971	355.483847	372.193876	330.893794	370.631145	518.987733	1275.845127	900.622025	836.572095	593.116275	686.009421	535.189071	842.650150	540.892539	465.115062	624.678344	861.556341	959.433548	653.823510	418.059062	453.672392	600.831430	400.337549	1066.168358	516.167845	612.513354	343.264403	505.082855	463.926952	421.585420	509.487375	269.049139	248.773846	420.004153	591.640443	673.233962	501.839981	439.516908	298.586187	266.434457	264.321412	351.655857	348.960896	275.656966	288.800127	358.513247	324.415796	279.788975	345.314022	250.980347	193.497264	218.538086	298.136782	443.469099	381.248758	379.343145	442.248205	397.041151	332.409185	358.710419	445.556255	607.746894	671.720681	330.536007	286.904239	204.623514	181.045529	209.123061	407.238102	497.350667	247.966227	187.998445	169.168176	166.149375	144.361372	121.443233	109.980122	132.884056	156.402700	125.571700	140.880156	142.873738	306.157203	337.900970	360.704139	402.186285	357.710702	380.631011	384.076441	570.638607	364.086676	373.847737	422.628717	412.629207	311.344276	360.829904	273.276158	513.967983	411.907953	517.892511	476.419089	229.843224	189.781629	181.265335	135.044902	357.951236	499.417781	649.286084	278.612357	198.572052	606.702125	547.519059	433.428243	449.170690	437.843282	267.706947	426.668747	356.224669	249.095900	339.064052	523.947728	
1282.892317	1309.512858	4251.024939	5925.308689	10850.603089	32337.286571	144517.316544	27865.500403	6665.446577	8038.424776	7366.094880	3960.129468	5090.105194	3971.244902	2245.869065	1889.388246	1658.693704	1390.473436	1255.485349	1257.610476	1430.135328	1530.139621	1539.955870	1790.586153	1298.736907	1154.026286	1476.762117	1425.107850	1398.145499	1454.904384	1358.601111	1414.436070	917.077051	885.299840	1260.351235	1658.826436	1438.294599	1017.041407	981.215888	1032.768073	1386.840386	875.865929	876.702002	800.449022	822.913933	803.052877	784.248620	616.443649	644.023489	696.569581	758.673489	686.811096	855.729113	962.049173	852.653673	932.892765	837.595229	847.140760	739.405108	849.635004	801.865792	1126.466062	524.596627	400.192775	730.769180	1055.695475	768.381665	902.990513	711.784629	677.094853	835.535101	781.752629	567.077613	490.298328	721.028156	843.784206	1016.047054	804.736107	981.871221	644.896820	544.961473	529.409273	839.173046	550.596715	525.363062	468.029783	414.938734	606.447901	712.926022	549.856629	279.847729	280.203632	580.700704	288.962519	494.665691	576.776026	258.609226	364.174037	270.579787	171.591191	259.608154	340.241636	412.852651	426.704096	245.831451	196.208634	255.144275	322.466896	344.308710	160.680856	224.122591	426.477181	283.292910	194.527002	306.308742	538.714604	493.105441	412.009026	559.212219	727.129549	627.148844	524.526046	552.145596	517.919655	482.392432	498.852588	493.630669	417.708020	378.993854	374.390025	292.043845	320.424339	294.834544	295.251037	352.811838	345.722270	318.883348	377.536663	466.423167	529.403043	508.172771	349.099294	342.573692	561.469731	504.244058	284.790288	507.578415	362.787286	311.879571	347.621035	490.122284	562.672459	641.029294	424.029124	477.282678	538.984903	479.547516	330.331038	315.307598	354.647907	365.212555	488.222277	593.413005	505.215061	655.914738	627.380546	440.277249	324.522040	199.700043	265.620552	343.976273	572.026497	340.976655	258.088460	141.329221	357.160220	375.185371	
672.380782	479.641148	1694.584570	3253.124821	4733.842327	7703.737046	27865.500403	155079.128004	58369.915900	13488.090273	6831.117875	4897.243546	4174.336336	2471.228850	1126.191136	996.959599	863.182822	775.668523	659.976038	668.675017	956.282890	867.898703	979.708801	1123.160142	1296.729522	1124.919924	1115.583075	1134.949059	933.645485	817.860076	1008.764153	1227.474062	1048.190617	981.429172	1128.367519	1040.536159	873.225549	561.473871	447.327999	489.539703	779.818375	842.782301	686.095329	476.424087	448.957976	454.352713	490.235260	431.941458	326.573198	394.041260	371.852751	333.450053	542.499533	759.342036	649.231151	521.159890	508.034328	473.234930	481.093257	427.320449	462.650209	618.514674	699.895435	567.659824	710.670485	680.340716	727.547710	626.013848	636.717378	590.787880	605.879943	587.285881	622.356557	619.584308	572.888203	523.579140	565.794062	562.838711	477.688269	567.309064	517.199552	547.160921	455.635047	517.563161	485.215831	438.571618	503.910616	340.473764	323.674840	448.108085	396.935744	422.025756	487.747257	373.380561	365.774258	385.126130	261.210259	357.623455	339.761432	313.063742	292.240083	342.183452	363.061381	355.203182	314.976718	274.782592	258.145481	294.714863	288.814927	258.005868	265.493339	343.332350	295.528173	311.141772	368.602816	471.360386	446.451779	474.074320	494.801001	445.136709	412.418034	344.999009	295.513247	240.315632	351.339863	429.623217	285.510362	263.242756	219.312933	212.593333	213.690345	183.398854	179.901579	153.409907	197.639726	158.583430	183.308597	179.546936	324.445365	345.492498	373.648750	367.241312	341.033570	357.076777	370.628439	470.239712	398.745905	351.264668	354.604842	398.886725	433.022947	423.661995	371.837307	490.612010	417.567017	436.241769	359.858651	261.427588	229.512976	226.851693	186.404685	301.843046	502.070766	487.222846	362.912839	254.973809	409.974916	339.781559	312.885744	304.372790	338.868935	376.760858	353.351781	291.584575	252.726810	366.243886	379.099502	
413.794856	264.227196	678.933421	2826.463645	3081.970538	6900.582616	6665.446577	58369.915900	175032.410760	36411.348935	7203.986517	8505.495058	2681.500373	1163.156494	588.570507	551.520886	511.126086	415.809813	405.570839	377.264328	536.934590	408.170301	465.244482	561.216311	1304.228218	1200.280012	670.531495	743.381067	468.085320	407.897283	580.898735	842.801439	1400.981331	1224.956847	934.084817	495.050131	405.179686	300.672872	249.560943	265.404634	361.805480	902.189961	413.955909	247.016438	216.461333	218.061059	240.133636	297.226981	212.133737	185.766501	156.726279	156.974715	421.321954	602.351022	334.431738	246.551146	258.479658	215.885888	225.397362	194.599624	216.852718	293.605712	1078.017431	858.157888	680.072564	417.130296	540.151655	343.579172	564.017529	435.663701	346.582396	452.624912	689.065221	736.324839	380.843191	257.919740	283.791254	326.820431	250.193778	574.423099	397.714060	476.882379	207.534184	407.068797	312.840825	385.709896	420.650728	162.735110	131.655743	312.338377	544.878250	573.620889	411.028396	484.752823	298.487268	210.095369	267.690479	305.081976	391.655710	398.863625	334.406028	369.160685	357.330596	252.821177	390.237555	340.230312	247.765022	223.252833	306.843160	445.709650	487.335568	345.579127	437.036092	490.621215	428.610623	355.263522	466.699222	529.724001	469.336803	218.146255	193.536464	137.177755	115.823532	113.428742	256.990733	325.853221	148.743523	107.036011	117.493300	108.798986	118.121644	76.515909	66.289185	71.589323	97.766917	93.987904	83.529556	87.497082	190.510832	201.446221	225.162121	393.479104	314.180342	270.942816	296.612308	576.924718	295.493160	378.556178	452.017827	399.040772	317.527001	307.606471	191.102028	478.903454	339.511700	321.046555	283.357083	180.191040	131.188502	138.006925	96.400583	189.725157	335.791241	510.715319	181.336831	119.716471	451.789004	508.092076	530.503880	489.226158	463.731538	226.767079	388.370931	464.506592	333.108462	329.182030	486.265894	
527.042146	244.254600	1141.797611	2865.116144	3648.565088	6452.347177	8038.424776	13488.090273	36411.348935	156140.253098	46513.517387	15462.300848	4415.674066	2295.575899	1157.576168	973.476202	812.881468	656.693568	552.041582	567.847565	707.254480	596.423011	666.771561	800.046019	1256.054787	1248.947104	874.486347	928.116263	674.432257	588.306057	713.123704	975.539765	1344.581264	1108.672605	966.035975	767.966006	624.073247	406.464567	380.945734	413.692121	566.004265	815.312834	479.615791	342.517172	339.489482	358.498903	330.127436	310.904540	272.877355	242.979289	293.905901	260.452405	495.541406	598.011756	393.373652	350.976720	355.744186	325.844456	323.993724	308.983559	315.783645	505.361753	742.112828	678.593262	670.543567	601.851254	619.206186	471.600442	618.552697	456.711729	454.205700	549.713188	693.988457	628.710748	472.558788	432.489896	461.507538	451.928718	357.126541	583.378816	408.114767	459.554001	354.820595	378.281595	352.526220	345.255478	380.068284	219.522964	191.137777	341.870160	414.057974	490.374240	625.815293	397.144850	377.759836	318.138624	264.760720	389.068365	418.269462	252.622904	328.670826	449.174960	449.773180	392.534047	328.555016	284.886212	251.839934	280.199679	347.395496	379.385408	411.667036	603.899693	540.759530	444.021048	466.735753	519.132414	535.385773	653.807310	540.819897	373.597116	288.143953	215.036046	170.860488	180.258513	293.998465	336.146728	207.877507	178.739889	183.967375	150.496047	141.802648	116.017499	114.618029	111.222196	134.933256	130.234902	113.183644	139.141882	225.326807	281.633122	279.150093	328.139271	357.553005	455.826855	460.058886	534.419509	476.757147	467.084539	441.374522	415.829585	413.317808	391.052158	364.574736	431.923704	423.829524	468.572218	389.923616	182.503473	159.065023	173.855985	155.092262	308.164731	569.729115	589.344032	342.198886	272.905206	488.573600	642.879980	486.856274	615.740119	577.436165	493.521623	548.326074	526.134308	310.221496	446.770426	451.986062	
738.460906	462.941978	1557.272208	2803.806615	3639.513700	4513.079522	7366.094880	6831.117875	7203.986517	46513.517387	164295.740729	33630.468276	7546.077838	4010.920705	1833.190477	1378.278542	1177.971548	924.501040	845.357633	847.757771	1043.080692	1011.083998	924.152840	1158.255290	1284.519014	1160.723628	1118.636235	1057.885866	838.563469	815.575482	836.304475	1139.766911	1122.542540	944.056182	1060.105316	1046.355311	769.821219	577.236098	535.536633	547.397278	738.848139	805.655905	611.733106	495.428015	455.862249	442.380773	442.872218	394.839841	392.331702	364.110874	362.316050	410.018999	517.604320	614.870410	494.186122	422.856349	452.103062	431.546181	397.444489	373.659694	436.312969	580.962435	598.526972	499.284708	626.719780	654.863284	600.319690	602.611477	543.639895	525.155423	559.834166	580.380155	677.098830	478.950774	513.876192	483.418209	508.597405	487.157392	474.997226	484.416257	451.239679	397.956959	472.945741	396.970011	406.006203	371.120449	374.583621	318.242372	331.434643	318.780986	332.049812	378.457717	570.766289	343.633929	342.300800	417.758703	250.213393	331.136157	341.360572	232.606159	313.189926	388.327226	420.658950	400.962629	335.238040	278.243914	258.387513	313.900330	285.663818	248.363698	300.473232	477.733408	396.014910	306.810722	380.528217	498.874070	499.815499	533.836778	495.660288	467.216995	413.820665	300.004818	275.945705	257.941563	327.274310	356.658250	242.495215	243.676863	195.862367	202.556083	177.909752	196.043108	130.620263	196.045030	195.061536	170.528537	146.776739	178.972438	263.999143	350.522954	336.067814	343.084816	316.264101	469.962463	521.911304	403.296918	497.676945	409.510825	377.592020	377.103333	413.264261	400.846231	406.925960	401.255112	429.610254	434.420996	378.777145	243.750705	211.704098	232.055465	201.123905	332.409913	501.155243	454.709851	438.123019	394.222096	418.793910	449.325261	364.662535	446.662846	487.737285	556.660811	451.058928	387.096193	273.481843	386.738587	452.923489	
365.756481	383.949990	1099.179126	4386.785582	4200.490617	6326.710236	3960.129468	4897.243546	8505.495058	15462.300848	33630.468276	175654.825753	20773.224427	5938.305501	1717.937454	1338.868898	1181.016690	903.102159	788.250700	819.160609	1210.409651	867.998234	916.541162	1303.574790	2362.721172	2082.271782	1253.479190	1253.062175	734.881654	646.732640	879.673456	1385.575040	1954.693225	1707.988901	1476.134896	964.596450	758.178726	516.054346	427.693505	437.063765	735.169147	1503.944562	626.303830	445.617022	352.241361	371.020956	374.316924	451.107294	354.852699	304.688180	302.208651	299.312000	773.697410	1022.556444	538.571112	424.033247	367.887984	327.350982	357.882226	315.476620	346.651338	506.627535	1196.867317	904.345484	740.589450	595.176917	650.149747	528.712473	703.172407	552.406169	424.218122	575.055155	779.227742	840.627580	601.648807	379.538730	378.149574	556.190653	327.469480	878.145683	517.703595	576.442262	339.592987	516.377643	489.265667	464.582007	524.413154	236.852892	189.715436	396.939016	568.715883	576.695182	473.342573	426.552987	310.513748	259.778915	319.865779	373.284212	361.552603	292.520811	282.801620	328.721058	343.717805	254.685901	340.732059	273.285985	211.908793	219.387926	273.230093	342.212904	403.278335	331.901677	383.093706	406.895414	380.304661	329.153797	450.435014	571.685506	556.764226	330.790877	274.837333	240.444644	196.678999	252.116000	389.891087	510.929865	226.594356	153.254049	174.045308	162.029903	160.628672	140.420526	98.936866	132.397795	181.838155	124.494054	114.787330	122.939433	320.008021	324.771686	330.501493	473.070453	390.991094	412.204196	364.350123	651.903465	325.850795	346.184241	416.838874	441.333227	361.790404	322.504292	201.353928	543.729945	368.141001	428.094578	435.817682	223.130312	176.522281	186.696729	158.386154	350.879032	496.684217	690.852845	268.696537	186.108112	574.837270	586.162186	482.112085	456.464717	468.544561	262.498039	477.947245	445.488673	276.798060	297.022866	455.615324	
926.295493	1038.669461	2608.775377	4105.292674	4134.029076	3338.134114	5090.105194	4174.336336	2681.500373	4415.674066	7546.077838	20773.224427	135748.744793	48125.399462	6701.230982	4362.892084	3712.125768	2919.796266	2362.382129	2514.804291	3766.258390	2460.643605	2392.240243	3208.604398	2655.098250	1903.527805	2183.837074	1954.432344	1561.468580	1472.461856	1679.458713	1898.847426	1127.632287	1163.674813	1645.341030	1920.966907	1814.941708	1278.350888	1096.141375	1148.980823	1525.132811	1425.371943	1277.784332	918.073519	831.180645	798.100199	819.436203	803.246059	722.852229	674.785570	721.257091	776.544806	1114.982496	1242.733946	924.164990	824.240947	760.139259	759.719268	714.525897	712.429482	849.547547	945.693046	737.567709	518.383545	623.498250	697.622807	719.596697	767.023407	612.099980	621.238627	658.726986	649.261368	534.470871	551.299731	715.151891	622.070778	649.118228	723.375931	795.943175	635.542076	668.092277	601.279429	679.364426	598.841604	582.816111	521.893196	560.013204	498.364214	543.411662	568.693749	386.624234	326.757649	376.938763	364.275577	369.956841	414.723526	371.454049	291.137362	213.392769	185.205678	203.613920	228.937924	231.647473	241.141322	214.031330	189.064089	193.409926	245.883414	206.651096	151.323382	138.469303	179.747126	146.095434	166.030725	200.586376	290.299509	290.132404	333.077815	470.570733	536.312399	576.659782	451.908245	443.850429	454.501660	596.734760	598.131118	449.933714	421.814328	388.685993	372.800136	311.879745	275.675650	329.543850	308.631762	346.035703	322.723063	328.740392	371.224875	525.964366	551.751583	450.848788	432.592864	379.226809	389.921618	352.456879	280.211555	278.391675	225.304370	256.313495	262.196626	340.754585	330.592236	331.638191	352.054081	355.738422	409.648322	498.945886	390.791384	343.658131	340.149837	348.712695	485.232007	456.969125	459.215064	439.161163	431.711654	350.501144	264.326410	181.829318	196.110258	215.984045	271.342298	184.268440	155.761857	129.416143	205.394600	282.425620	
1994.765765	1594.816381	3924.572817	3107.831316	2799.060001	1719.265936	3971.244902	2471.228850	1163.156494	2295.575899	4010.920705	5938.305501	48125.399462	117980.966179	25899.144320	12685.936428	9675.136037	7187.309003	6016.241653	5978.516048	5749.582180	4124.364487	3615.040538	3654.361716	1540.840980	1139.798279	1820.990904	1539.371138	1683.882738	1940.799832	1596.355685	1395.122325	594.982984	634.035453	1042.400442	1813.956524	2098.110093	2035.091304	2016.702791	1899.464014	1660.765921	813.789936	1129.203235	1163.187203	1229.747456	1152.781524	1146.186669	996.290722	1043.511949	1187.283735	1283.285634	1310.139814	1153.404228	1016.831282	1056.930559	937.051918	1044.711419	975.709056	930.688425	1017.422138	1097.370839	980.777504	361.335165	275.977172	367.862943	529.868499	423.827430	606.744842	407.521512	406.319222	596.414552	450.780946	279.218334	273.347558	471.683613	538.057353	625.324307	495.146933	809.427123	319.455605	436.804276	343.497002	517.954058	352.820418	398.057141	325.640060	330.696796	677.602345	893.518573	445.519586	162.071256	146.814789	245.571464	148.476886	250.975260	364.728394	232.987834	190.490349	115.859444	99.189305	122.242918	107.566900	140.621597	176.851082	107.790422	86.114854	121.407914	157.799237	113.952232	50.279901	61.453280	106.962118	60.257694	67.890669	100.032901	153.359277	169.215720	155.533480	295.887427	521.175795	518.615166	578.687139	664.240313	544.282386	449.295348	488.499912	520.928295	563.403392	486.941412	500.559502	543.273344	499.073591	479.498740	551.522153	563.276596	568.083054	566.220643	663.866004	562.754093	450.442341	335.358222	207.095476	231.891166	299.913995	225.138524	127.210006	195.460268	109.695163	130.628940	171.482396	186.550997	268.262064	270.654102	200.536747	233.579314	251.779365	348.028191	429.167093	466.798404	446.808657	497.834920	418.775768	269.220676	204.273061	381.963961	519.457300	217.039083	103.858345	71.659350	90.967777	110.084376	195.333923	104.119686	75.426694	51.438344	107.866068	139.058453	
2972.867242	2514.649101	4289.910643	2029.565135	1477.068656	898.616256	2245.869065	1126.191136	588.570507	1157.576168	1833.190477	1717.937454	6701.230982	25899.144320	131662.340966	36233.384627	19290.003492	13324.279311	10681.523293	10335.152171	6574.586471	4472.413762	4021.594002	3115.637720	1026.107439	717.729504	1469.938385	1144.102204	1654.783085	1774.192594	1347.659631	954.067849	341.290145	402.158953	647.603100	1174.668420	1877.210417	2674.146998	2699.866392	2140.358089	1459.189183	576.432572	759.767854	1071.823834	1414.982850	1247.300202	1224.713627	1182.832988	1313.054534	1503.227934	1664.407978	1758.505228	991.029141	699.555171	1038.831029	962.345743	854.573134	963.564711	1004.805623	993.025080	1097.477243	814.011423	192.569562	136.048045	228.629590	366.484518	264.347820	382.370744	227.153167	391.828082	443.303500	362.379857	149.942235	145.127818	289.874676	427.399733	462.183907	382.851918	678.773152	211.014476	320.086231	203.324243	483.977042	281.676468	235.469137	193.716525	200.386765	657.942371	798.364964	308.665128	82.302941	65.002135	159.302260	74.443831	166.792449	292.879439	190.031451	111.061459	70.184624	55.211253	65.431257	88.750045	86.529606	120.121045	70.624429	52.945953	104.218045	137.187378	79.934656	32.611442	30.879366	77.272458	56.520057	38.662600	61.604311	104.099641	116.634919	80.791363	198.588998	358.355673	374.870968	612.040616	611.527997	517.276698	297.617696	262.173986	420.210093	560.305821	498.826079	561.456930	603.340472	659.546680	713.174125	646.640729	618.671567	631.344704	723.325624	727.892792	435.892442	356.075057	273.092470	138.414748	144.216946	212.017530	140.115272	68.498221	123.287891	84.551665	63.375696	96.850726	117.094998	208.451911	210.688047	101.850269	141.534602	121.201081	213.215873	402.814560	535.813082	509.315880	674.850586	291.188684	174.315267	134.214314	282.387741	533.470768	98.696638	56.109859	39.608542	47.681767	65.800463	151.267813	59.188725	34.391467	28.843763	62.261784	121.179305	
2462.818543	1591.345512	3497.725317	1589.275292	1258.240995	750.060450	1889.388246	996.959599	551.520886	973.476202	1378.278542	1338.868898	4362.892084	12685.936428	36233.384627	128096.161981	34962.519015	17168.493056	12477.372103	11672.997190	7304.226252	4881.821376	4066.826130	3088.680109	1023.418268	757.462227	1514.363239	1119.821084	1617.933619	1743.120866	1385.462918	928.878662	446.090962	419.875873	676.050504	1316.571672	1696.895808	2624.989827	2564.345592	2371.545271	1392.990915	532.684365	892.638674	1030.226221	1321.439551	1279.682880	1166.632510	1066.012377	1348.519589	1552.607235	1567.323143	1740.126591	906.736549	728.129388	1025.549445	1032.392399	968.185722	990.391318	1103.206803	1156.871453	1028.981795	728.025289	190.107536	142.778569	252.547309	345.659237	263.477409	400.891828	291.265923	349.249806	443.282723	328.042179	167.761899	163.569256	316.499825	440.720168	468.164725	369.710771	637.520892	264.301724	292.778011	218.738474	418.446074	267.328332	299.273092	207.917728	200.165917	592.696577	756.705463	372.280894	97.978770	99.821671	131.637099	79.145292	184.740473	253.841472	194.930074	131.328859	83.815288	54.505370	63.569398	71.475692	77.342731	121.408741	74.614223	54.700150	80.300959	147.858505	72.148737	33.432751	43.186474	67.530559	60.447228	25.819728	57.308037	99.265235	109.208483	91.152498	192.419457	353.774051	362.793192	545.520371	564.645977	501.888968	307.034184	265.458521	440.564021	545.378841	567.469980	602.560744	683.506036	692.801489	706.017264	724.343396	582.659238	738.931769	745.379857	756.911210	465.688229	332.321779	249.839623	120.432968	138.872136	218.240688	170.434782	54.534244	126.007345	88.173234	56.308887	76.247925	130.865574	176.562662	187.451719	83.433530	118.141518	132.682863	203.231610	359.351332	432.529777	462.579875	563.168506	271.829585	159.296403	125.645003	283.689755	446.189819	117.391312	65.999559	36.732315	42.117187	51.217828	125.607899	53.562657	58.203031	20.709085	78.753005	119.630012	
2160.306333	2210.730360	3104.257281	1566.754519	1090.102516	762.207189	1658.693704	863.182822	511.126086	812.881468	1177.971548	1181.016690	3712.125768	9675.136037	19290.003492	34962.519015	126753.039346	31818.372914	17269.774723	14344.323174	8301.349542	5165.358356	4412.767617	3445.139765	1117.341208	794.706335	1461.686835	1165.727479	1623.324454	1737.255401	1287.945486	967.639665	403.256523	413.979946	677.386611	1182.223538	1792.691151	2701.178238	2444.519441	2162.736349	1295.533906	527.591305	828.513652	1154.587646	1455.716140	1336.072338	1221.972220	1146.937008	1303.621067	1664.051959	1692.405954	1817.889417	926.106060	635.548915	1040.303174	980.902449	938.039253	1010.255860	1008.522722	1029.854401	1041.400267	710.410998	187.918270	153.870696	216.425499	378.006033	290.945579	400.262170	260.298090	368.758528	396.766362	300.871052	156.866182	136.518915	300.171721	413.833667	462.177781	359.835368	575.188261	221.222360	283.927696	167.750578	430.904090	282.804345	296.012620	240.009937	191.387421	499.758261	743.394504	340.366574	116.195006	91.433635	163.079396	112.366780	174.530260	253.855723	183.248744	123.604091	88.373415	44.614073	67.932256	67.757490	77.716492	113.146391	65.356642	79.238050	87.152943	111.533820	78.305101	38.373754	42.078327	72.165277	47.204628	45.586408	67.490268	94.846166	68.499949	91.320397	175.880912	316.300216	381.464217	498.098913	610.988350	476.324886	318.687054	303.534729	398.634047	564.142487	581.748471	584.064238	626.070880	674.587742	628.726860	744.735806	636.662554	688.937268	685.732069	782.238422	373.236805	391.431622	263.969675	117.561088	150.897298	229.127298	139.898465	50.118225	116.293307	74.123422	60.173446	109.934586	148.004810	171.764234	218.153224	94.875057	133.533377	130.395311	152.542873	333.188726	463.730368	508.143994	487.039542	245.498922	142.893075	111.076419	270.350285	342.366980	114.157721	64.231953	41.785778	47.655264	57.402881	138.702833	57.238739	31.098794	24.896677	45.157916	51.136156	
2207.958998	1625.537445	3128.523100	1369.671432	957.673834	670.269867	1390.473436	775.668523	415.809813	656.693568	924.501040	903.102159	2919.796266	7187.309003	13324.279311	17168.493056	31818.372914	128445.606483	35182.600269	21839.923252	9594.879147	5849.762557	4689.143887	3639.776174	1129.136562	782.241000	1520.733263	1153.952619	1792.294578	1741.084970	1279.805114	962.813033	405.676490	397.441961	611.966620	1188.556864	1807.220498	2795.614554	2628.102291	2321.353269	1272.648553	522.387118	836.056500	1107.408962	1356.214422	1230.774454	1259.382960	1144.608009	1537.489079	1548.048344	1667.568066	1817.386263	968.216406	685.547840	1012.623611	1021.485423	977.899649	944.373776	1003.399659	1040.484166	1035.744749	675.482581	200.131610	123.598589	209.475930	333.238009	239.961406	402.255326	274.499748	273.681643	375.856342	342.444691	155.495225	124.553801	278.015240	362.726852	487.752740	331.564052	549.509039	237.693815	302.740826	205.540890	411.728369	211.672556	319.165770	196.943730	180.628803	554.081747	717.755317	310.157274	102.576969	78.773479	130.389231	98.292793	164.386462	261.095194	208.642675	115.218174	63.149507	66.791615	52.367146	76.418966	72.757427	135.001570	62.473276	77.935021	87.262043	106.667246	78.403125	33.639768	44.169598	66.589738	50.528648	26.838062	64.817798	82.489040	74.817154	76.767061	163.071545	301.733215	326.160710	547.786572	603.945982	440.512501	255.425980	291.355141	421.095061	535.710702	539.318382	598.130214	689.703312	690.300209	684.104573	693.712288	679.994431	686.612808	737.711906	641.361962	421.180802	329.029463	262.294269	108.221897	121.743008	181.683526	139.578049	46.224108	116.702213	80.486065	62.323311	97.324872	122.063561	145.555357	159.054538	84.854234	114.803941	115.862785	176.153556	323.026026	477.729991	468.335155	488.959591	232.655287	131.408477	98.058280	244.223473	424.458973	103.329807	52.509938	37.341284	30.960853	54.300263	95.547567	41.008678	34.259605	30.943416	50.095551	80.363902	
2191.322144	1589.803375	2956.674450	1172.347749	861.975887	499.238745	1255.485349	659.976038	405.570839	552.041582	845.357633	788.250700	2362.382129	6016.241653	10681.523293	12477.372103	17269.774723	35182.600269	132609.764179	38403.191690	11385.038160	6707.925637	5395.723403	3941.526894	1222.678820	875.436790	1636.338806	1264.088891	1751.977389	1833.196211	1334.981965	1072.366771	434.214258	390.622976	592.839487	1295.307705	1813.178416	2740.671033	2735.173865	2424.915459	1323.958800	477.004381	849.484871	1110.042674	1329.326744	1325.151063	1281.088923	1204.224922	1533.433313	1513.410159	1588.830819	1865.543218	885.465316	609.078590	946.977159	1008.316041	948.183469	889.706238	940.058635	1136.038275	1059.076795	668.379137	186.955756	123.903568	201.110745	324.161398	241.286905	305.127995	220.490940	316.244357	361.404838	320.950452	132.477408	153.570316	265.141099	413.225879	438.015099	338.115433	604.360591	211.366548	280.253336	215.312874	448.443517	236.537482	246.834863	197.163810	188.570032	555.621524	820.202065	292.714913	98.480674	71.232098	130.927632	86.128291	168.846974	245.797758	210.481529	94.790140	72.569523	52.135421	60.178756	71.982285	80.727531	130.458436	59.572433	36.431427	75.209195	121.027175	67.573893	37.111502	26.965389	54.659238	49.356108	30.841498	65.723535	97.710671	74.118649	71.143878	149.615297	253.456650	354.799776	482.904055	541.038149	477.734993	315.542481	273.488811	403.592852	584.114452	523.680392	578.823861	677.966211	733.776908	800.846933	705.824522	678.486467	682.047102	713.385819	672.423845	371.747872	296.955318	227.387561	130.149800	134.074111	194.441242	144.975943	57.205466	139.475117	95.428436	55.993883	102.774491	114.396411	165.747241	173.160676	54.766983	126.254876	105.037434	154.088807	310.168113	425.026841	484.377065	505.707951	241.826062	124.874222	82.731229	225.443621	367.201814	105.549796	66.229956	42.911486	41.766987	34.320130	94.114631	41.045178	56.026698	35.559247	35.980192	81.486874	
2528.498214	1734.992184	2876.250711	1356.808973	903.901098	578.386445	1257.610476	668.675017	377.264328	567.847565	847.757771	819.160609	2514.804291	5978.516048	10335.152171	11672.997190	14344.323174	21839.923252	38403.191690	128841.151534	20576.147787	9308.052725	7227.344093	5196.003118	1465.464196	1007.684478	1911.095181	1444.937418	2041.152799	2209.591178	1540.525595	1118.956169	454.032508	427.608305	714.830096	1243.798405	1997.654185	3149.562919	2854.960959	2494.247088	1461.715361	599.183023	843.668801	1131.332003	1527.432656	1392.905604	1332.910523	1209.757700	1509.687296	1762.561519	1724.437468	1979.982269	969.844374	698.411268	1023.527291	1037.989738	954.841231	1052.049722	939.995896	1136.754456	1126.106796	778.607346	193.018376	117.409723	222.137515	360.730771	240.751940	374.867286	240.275997	318.577270	423.269417	298.514115	143.903462	165.317135	268.866614	404.882726	465.053664	347.640886	602.054264	201.569743	279.832862	218.843622	413.084776	248.985395	268.618251	209.714788	205.472135	584.233604	786.685612	285.623295	102.914901	85.511107	133.358959	75.195166	194.118821	263.435326	178.969188	135.301913	74.323278	60.689801	54.775396	75.413825	76.772834	118.515532	66.679883	55.661939	79.341753	123.274651	68.828741	43.200758	30.466639	42.266990	49.427733	34.270063	70.131832	85.307279	86.711438	106.834145	179.441879	353.437909	436.843135	538.298243	574.961290	482.142257	289.902566	263.372910	404.951940	577.680424	572.554143	541.143446	721.783661	701.231529	729.122060	791.722277	665.893671	754.259528	748.674140	787.629966	400.074217	318.841259	252.385812	133.829222	146.318430	147.495414	135.998324	59.456910	138.942860	75.624159	61.391746	77.852494	117.709740	147.362467	202.972693	59.477024	116.420672	142.076594	159.588056	388.908252	482.396118	493.371952	488.987945	254.403482	117.896629	103.362658	262.434412	362.058471	84.472030	52.682928	43.923665	40.516762	53.117172	120.208332	45.125434	27.762380	25.400746	35.601249	75.885793	
