272007.895999	2081.224405	2852.649639	3963.686184	3980.186619	0.000000	0.000000	106.037710	0.000000	40.835078	88.992166	47.952901	56.541430	0.000000	0.000000	0.000000	219.780289	57.575568	284.430823	174.684011	56.841745	0.000000	0.000000	283.218472	119.418745	0.000000	0.000000	102.428566	0.000000	88.623970	35.414946	0.000000	44.677731	50.683141	167.293687	136.829153	0.000000	37.917459	0.000000	0.000000	104.732395	91.497972	0.000000	0.000000	38.768263	38.094029	35.117070	35.588655	0.000000	0.000000	0.000000	0.000000	34.543471	0.000000	0.000000	83.157870	0.000000	0.000000	75.692979	47.996119	52.177784	48.391301	0.000000	33.050970	0.000000	0.000000	0.000000	0.000000	32.576423	0.000000	0.000000	0.000000	37.000222	0.000000	
2081.224405	253810.596581	1741.761654	3886.883131	8063.877183	974.240160	874.444579	302.139433	174.186895	166.219671	244.514480	214.712143	356.736477	567.308388	472.374389	213.887572	413.760958	433.569767	463.111622	485.886455	474.318751	540.382795	470.103376	368.910133	376.723954	311.105950	234.627359	250.162019	180.977242	207.428332	165.780506	104.912845	427.373906	412.612660	499.378695	459.495878	367.823709	169.777817	85.157319	251.482562	468.945910	288.643778	261.576489	143.281019	126.245340	116.296651	71.472225	72.432022	42.174931	90.027735	84.467475	78.303997	56.243844	74.385025	74.645689	203.097061	179.881708	283.817521	200.270963	547.032565	615.931842	630.327581	139.532146	40.360310	41.502846	50.898396	45.407174	32.617848	66.301359	87.079518	73.802342	122.441595	67.774430	97.009560	
2852.649639	1741.761654	225473.064010	22784.672800	8075.125816	2781.982000	799.043745	345.108526	511.609055	284.788178	310.320419	379.019122	788.651902	799.645724	594.610128	371.344861	715.293190	829.845485	925.703718	866.321693	739.984705	806.183094	456.415700	579.390756	721.793830	552.767019	509.190780	452.420220	284.233291	144.217032	32.931681	110.615207	727.036917	541.986749	855.597582	731.600158	528.168663	264.440396	88.425510	309.343389	535.637571	425.411061	333.927099	290.947355	72.099730	17.711454	81.636727	66.186417	112.403398	110.741216	96.480110	71.552069	96.363937	67.971018	17.052302	309.307645	285.862656	216.120629	123.174541	580.198734	776.305952	494.979591	106.250576	107.567124	81.266089	83.052811	103.729611	0.000000	90.876576	33.154543	134.877158	159.834014	68.811596	55.402941	
3963.686184	3886.883131	22784.672800	179270.788713	30281.756804	3742.502215	3810.181417	1298.439896	768.312030	539.599277	717.330976	840.648956	1190.450668	1948.757749	1022.313331	622.131943	1239.125876	1658.565763	1423.218910	1323.421905	1507.233747	1374.755917	1129.312226	1496.992201	1052.008417	937.626945	655.037317	609.076125	396.567098	230.313782	193.430516	202.600718	586.440681	888.512026	1237.956976	1060.737747	1005.290608	257.203377	180.946726	473.086602	885.725160	652.894783	382.952850	323.870719	242.483057	104.031610	86.620964	100.324791	155.167577	137.885462	168.180261	125.404561	88.249181	160.984177	122.776713	358.960077	287.743664	245.695314	233.383611	1285.364834	1521.459279	1240.529231	167.764262	107.729004	53.892311	53.503557	49.135136	50.825947	91.833278	128.779372	102.222807	177.920700	88.006511	83.979291	
3980.186619	8063.877183	8075.125816	30281.756804	191313.179819	3652.220421	3116.577932	1097.481189	605.671745	437.088764	637.657809	649.018691	1340.455708	1783.742306	930.197325	632.158982	1079.027735	1543.233863	1444.240217	1483.458061	1548.706077	1246.265665	1246.393152	1182.536238	1177.872424	1016.652284	678.159961	548.185256	368.720340	266.551420	206.767087	210.459440	557.264151	977.396771	1302.306205	1143.829604	899.849232	348.837731	238.901838	550.728654	991.324178	712.270609	341.076509	328.678737	154.326226	124.683654	118.046400	132.224443	168.034193	138.459466	205.593504	139.540295	88.616554	161.654338	107.065739	268.501741	299.139449	301.544369	304.661713	1176.079749	1292.392839	1147.236562	188.678166	114.024900	46.385708	110.612944	55.918304	62.379203	83.570361	129.315468	102.648350	186.263977	114.557429	115.952222	
0.000000	974.240160	2781.982000	3742.502215	3652.220421	198166.649976	25224.096913	6576.931753	2945.108076	1051.340017	1653.303709	1374.890466	2630.213787	2880.298742	1635.235739	1057.674646	1494.991877	1735.012434	1364.732837	1311.746038	1297.146834	1109.715299	1267.076226	1110.333669	1083.081984	795.048991	725.145592	464.493804	487.790501	272.249840	238.309612	232.018923	745.063177	1037.979312	1354.139874	1120.892096	876.209119	244.055751	178.056313	389.314572	1317.578888	669.234947	475.550174	377.605399	215.504863	144.886326	51.370691	72.884763	131.357410	99.549956	218.559716	135.074472	90.956894	139.007094	150.224534	486.586985	224.852263	328.656934	398.616471	1025.076115	1633.415004	1033.516220	256.293567	164.384273	68.183285	73.166486	65.272850	28.132909	114.369910	52.157033	106.090927	125.721352	119.075976	0.000000	
0.000000	874.444579	799.043745	3810.181417	3116.577932	25224.096913	138318.852657	16959.715718	8264.904412	2916.726377	4530.522795	4163.884786	6184.576264	5922.212226	3383.245626	2025.242698	2931.877699	2580.360203	2453.858384	2364.950330	2443.981435	2132.479394	1940.965028	2062.609646	2149.155084	1839.524720	1453.095810	1341.296612	1120.829533	757.134715	436.477023	588.659647	1589.340502	1795.875264	2139.936995	2299.598471	1829.638483	833.740708	495.433457	1411.053498	2185.543376	1531.339546	931.763185	733.996592	461.516666	266.758976	108.201448	239.246138	280.546083	228.742729	406.874660	301.748451	193.516541	373.664174	308.197471	803.608596	737.314585	553.362803	651.962836	2184.648671	2353.063376	2148.417537	570.766713	282.361947	93.838436	145.103252	78.115564	76.314543	132.310259	134.825371	157.436320	361.098167	238.371477	133.511175	
106.037710	302.139433	345.108526	1298.439896	1097.481189	6576.931753	16959.715718	142019.781455	23184.269464	9305.136238	7513.979593	7801.862600	4496.997216	3044.163504	3867.962498	3689.894373	1752.000936	1423.924884	1380.330154	1283.072804	1143.482695	1025.438766	1077.822668	969.161113	941.123373	951.044848	1138.636404	1062.139490	907.665798	1344.025592	1579.121363	1546.018138	1369.017686	1242.954216	933.880463	1035.766748	1108.366650	1763.445902	1506.725315	1471.025812	1265.224015	1475.374678	1416.998923	1202.492239	1127.637910	592.527670	493.421452	590.462091	603.454403	536.312586	546.555996	580.481462	580.285148	691.655458	884.237882	1011.059405	1173.507572	1319.512487	1577.655301	1393.556607	1098.353479	1134.060450	1092.039467	692.302726	336.818651	275.996617	217.852777	201.086122	249.974426	340.144949	308.336847	403.265391	481.513558	413.943224	
0.000000	174.186895	511.609055	768.312030	605.671745	2945.108076	8264.904412	23184.269464	94884.150021	50580.682439	23166.402990	13534.682901	5742.866247	3266.537347	3943.546273	3881.770135	1584.326032	1179.447527	1217.469844	1028.046835	919.751932	961.000652	910.202669	757.393143	857.877050	828.073442	1048.691325	1044.032474	1134.049948	1387.217843	2105.875468	1717.011798	1214.374830	883.728484	694.521339	713.013267	940.472526	1724.257593	1757.754765	1291.746048	923.509972	1216.142818	1203.718143	1169.836291	971.861228	683.198178	776.762989	702.092034	682.032425	625.161372	554.105624	581.140818	693.863090	714.467964	973.502784	809.496925	920.432358	1035.899109	1294.166533	849.310244	696.638878	800.373446	1077.750806	719.207361	534.067198	360.946021	280.087203	306.587733	339.509838	346.723146	344.680542	405.889230	538.975451	387.052956	
40.835078	166.219671	284.788178	539.599277	437.088764	1051.340017	2916.726377	9305.136238	50580.682439	104407.920466	40006.195076	15038.746916	5259.724760	2759.063844	3503.045057	3749.263615	1250.653832	936.913201	1030.190304	908.001262	749.056979	771.399664	755.195096	688.767080	685.510118	730.233166	957.538984	884.526240	1088.572787	1390.840289	2158.822375	1578.683053	1049.955975	684.090778	607.931237	646.120176	764.997582	1575.487011	1778.691648	1148.165205	687.987349	984.699575	1219.679229	1086.244943	1004.741979	694.434370	781.801776	785.194716	657.863790	629.112683	512.937728	617.624426	745.581611	704.931827	1005.448313	750.490691	896.161934	882.483975	1187.904870	602.782009	507.362198	554.603634	1066.949644	711.387920	588.051650	362.371682	313.307042	297.593012	308.958767	294.014876	342.464666	403.258271	445.476870	373.541344	
88.992166	244.514480	310.320419	717.330976	637.657809	1653.303709	4530.522795	7513.979593	23166.402990	40006.195076	106614.283614	25910.212052	9719.429312	5303.176077	5073.328419	3580.553664	2094.376540	1466.854509	1334.188915	1266.845970	1140.224154	1122.316273	1119.396542	1059.843977	1015.877107	1026.035609	1325.551242	1369.414406	1390.511876	1370.921897	1161.159166	1422.587029	1403.622159	1087.257346	970.599804	976.437381	1224.534573	1294.357028	1248.795747	1578.870259	1244.129514	1260.106034	1165.366468	1099.389405	867.927854	620.769890	387.363004	522.645553	535.754137	534.494262	705.201821	607.705869	486.252862	623.410986	620.807858	976.987553	936.375558	1028.180612	1075.376877	902.218597	887.736945	966.500084	899.092523	549.375743	305.491937	303.140207	203.057869	162.485306	211.208588	273.055112	303.741235	445.956195	342.125286	279.995580	
47.952901	214.712143	379.019122	840.648956	649.018691	1374.890466	4163.884786	7801.862600	13534.682901	15038.746916	25910.212052	102566.198504	26149.827077	11113.294057	8924.752374	5595.390751	2798.166735	2077.599685	1887.331171	1589.168326	1508.685957	1368.318254	1454.131372	1342.727074	1258.598523	1389.815719	1621.794733	1582.674210	1757.850421	1653.013507	1718.865732	1831.544693	1651.991550	1334.529867	1181.984410	1217.518137	1341.459049	1817.210091	1642.800788	1695.958282	1486.894665	1489.939853	1231.084941	1205.890551	989.895242	709.189724	498.148310	605.805501	580.615018	564.050995	564.395432	552.079140	571.815201	670.985687	795.449196	922.251812	1065.883885	1055.379887	1363.906158	1021.826088	1041.118603	1105.124679	938.578214	537.034840	357.229658	267.216163	252.835007	187.133106	281.847886	327.707832	338.391310	432.239269	470.206508	363.215086	
56.541430	356.736477	788.651902	1190.450668	1340.455708	2630.213787	6184.576264	4496.997216	5742.866247	5259.724760	9719.429312	26149.827077	103815.774442	30106.426831	12501.872640	5163.447200	4754.556435	3801.101565	3129.656330	2854.155012	2822.348600	2528.690986	2492.035166	2280.078850	2317.642973	2278.892365	1823.024750	1757.113427	1665.524980	1156.458673	876.287354	1105.003688	1894.756426	2083.585904	2139.856670	2016.242519	2075.649247	1163.587717	869.666392	1659.417875	2105.001296	1577.193016	953.086926	917.997990	661.299846	375.977667	244.655920	322.717366	340.870350	301.023801	525.500188	412.699120	289.364683	399.117243	398.487925	865.576103	735.162163	741.072471	794.153217	1484.817663	1696.406271	1705.746175	587.562206	324.376573	185.236069	189.637914	142.891340	108.995430	188.229029	189.257842	192.481617	321.949770	276.188133	270.138372	
0.000000	567.308388	799.645724	1948.757749	1783.742306	2880.298742	5922.212226	3044.163504	3266.537347	2759.063844	5303.176077	11113.294057	30106.426831	105987.055425	22413.547392	6079.086410	6776.361605	5514.666411	4284.015608	3913.972534	4097.707621	3455.286542	2925.362499	3058.466226	2862.119758	2590.627423	2087.682736	1905.417693	1616.435287	1165.469551	649.046942	898.027736	2101.427446	2433.863938	2669.794372	2456.075598	2419.727373	1043.464991	658.501896	1558.656947	2321.832936	1727.288563	970.099913	814.317945	571.100435	335.817201	155.805269	239.426380	300.453859	265.423064	432.053341	338.049242	230.391395	292.514904	248.870829	864.499922	727.655397	627.916528	644.222881	1952.703168	2251.443226	2043.154071	513.580030	217.561731	114.887333	120.175919	79.791816	83.652940	137.920459	187.140054	156.678650	358.878001	197.421567	234.972404	
0.000000	472.374389	594.610128	1022.313331	930.197325	1635.235739	3383.245626	3867.962498	3943.546273	3503.045057	5073.328419	8924.752374	12501.872640	22413.547392	94383.883755	26836.499180	10498.422708	5971.228333	4463.663146	3743.628287	3625.539953	3200.132320	2648.017746	2451.897044	2527.900966	2459.799506	2298.815543	2271.439803	2292.399080	2166.460595	1736.396110	2181.996598	2490.626226	2124.630710	1880.446713	1939.417989	2092.820814	1937.251897	1493.211471	2058.251580	2041.157488	1828.789084	1523.320756	1298.935627	984.075114	647.581346	409.098239	511.027910	531.920947	527.995349	655.535491	645.126409	451.218022	598.449139	665.102859	1166.161938	1108.918253	1223.695587	1284.993501	1715.194606	1563.728175	1680.003906	1058.535281	564.913466	277.296239	294.563124	172.236639	181.132943	245.958793	317.094213	328.374350	507.567075	420.752959	402.930108	
0.000000	213.887572	371.344861	622.131943	632.158982	1057.674646	2025.242698	3689.894373	3881.770135	3749.263615	3580.553664	5595.390751	5163.447200	6079.086410	26836.499180	107815.709973	19377.245855	7042.466971	5624.039560	4326.501308	3797.059476	3530.549438	2592.170802	2403.022853	2486.443442	2669.411757	2717.813620	2747.440148	2711.828996	3369.919792	4265.607012	2894.915351	2293.930100	1751.168242	1417.831547	1434.318014	1635.505148	2401.195741	2185.969316	1809.060590	1568.220872	1733.959804	1686.775228	1449.404094	1191.280869	780.636238	655.391422	717.591387	680.058442	680.492611	631.246283	631.050950	722.077090	730.930278	1019.952927	1012.717580	1157.899162	1259.565574	1656.921159	1174.936829	1070.317942	1110.013173	1205.591263	688.161370	447.278516	307.678877	278.196850	241.125966	335.457695	386.209531	376.390909	521.994619	541.478180	423.719301	
219.780289	413.760958	715.293190	1239.125876	1079.027735	1494.991877	2931.877699	1752.000936	1584.326032	1250.653832	2094.376540	2798.166735	4754.556435	6776.361605	10498.422708	19377.245855	86500.343644	24351.437650	13103.551251	10787.679435	9955.137476	9361.895445	6258.195361	5831.441866	5239.110595	5784.298845	4061.877202	3940.605766	3144.431905	2582.139101	1380.552352	1593.663946	2464.216932	2558.522150	2497.426855	2367.354990	2397.150255	1170.464205	781.754827	1691.726883	2082.148188	1510.540012	929.224660	791.208556	559.306031	346.940891	200.010598	277.273554	353.515080	287.954168	445.994341	403.114465	212.520259	352.500553	282.791578	802.041213	697.887962	653.546042	704.624463	1527.999978	1718.600669	1591.283640	465.578600	278.812817	132.265441	160.288503	101.895086	75.778815	124.276960	173.377680	175.356753	296.697516	197.813663	176.074748	
57.575568	433.569767	829.845485	1658.565763	1543.233863	1735.012434	2580.360203	1423.924884	1179.447527	936.913201	1466.854509	2077.599685	3801.101565	5514.666411	5971.228333	7042.466971	24351.437650	94781.646874	26084.515572	16064.467636	12774.440640	9945.860310	6248.936103	5263.873658	4817.559137	4830.808437	3287.588274	2883.563058	2426.638634	1755.188085	1011.954515	1120.748973	2141.973623	2351.413954	2560.475480	2303.499834	2139.778459	971.379610	674.619932	1356.631228	1944.483212	1452.776924	804.509007	658.425535	506.410474	284.191542	183.882150	257.485666	306.268975	239.476172	378.550522	320.601071	176.988776	279.861876	253.997337	678.906109	576.601414	540.888445	548.707876	1541.700895	1830.256809	1566.655483	382.788879	230.751350	111.534203	130.749108	96.305342	71.285584	120.138735	163.610699	150.064100	306.062972	213.533762	164.376583	
284.430823	463.111622	925.703718	1423.218910	1444.240217	1364.732837	2453.858384	1380.330154	1217.469844	1030.190304	1334.188915	1887.331171	3129.656330	4284.015608	4463.663146	5624.039560	13103.551251	26084.515572	96242.202780	29606.350450	15495.820409	10673.801054	6158.050349	5421.419670	4625.348812	4497.389533	3224.174020	2780.658739	2266.186782	1888.238081	1464.786540	1171.298468	1979.628366	2080.782387	2393.321312	2152.226788	1885.793564	925.999023	751.182375	1184.405148	1851.285395	1309.403900	869.526949	652.717345	463.683430	311.516480	209.030098	296.967971	303.562385	283.930452	364.782792	344.585939	239.244579	314.124448	299.923026	664.994403	544.044843	575.354755	591.614354	1345.685070	1596.449172	1380.992899	398.333986	255.567595	126.404397	137.133289	122.043029	97.178354	151.320111	147.767453	148.267249	303.593458	220.239335	185.609550	
174.684011	485.886455	866.321693	1323.421905	1483.458061	1311.746038	2364.950330	1283.072804	1028.046835	908.001262	1266.845970	1589.168326	2854.155012	3913.972534	3743.628287	4326.501308	10787.679435	16064.467636	29606.350450	94451.887828	27335.359786	13680.882507	7283.164184	6071.815721	5487.544608	4959.695858	3490.592416	2999.351870	2351.287789	1834.372962	1197.857234	1107.483624	1960.179208	2264.062943	2454.538333	2312.072211	1946.447326	926.250697	620.535897	1298.939002	1869.608217	1327.265135	785.643722	641.389187	496.696251	296.088534	180.966786	276.615334	270.407551	246.064909	372.205736	315.470980	222.267746	322.574624	285.069250	609.652868	584.229416	507.314795	549.538103	1317.301490	1504.863482	1362.591337	375.198301	233.366181	109.480497	129.179254	89.986041	83.044272	132.629907	170.540310	142.472888	265.487252	199.098581	183.202458	
56.841745	474.318751	739.984705	1507.233747	1548.706077	1297.146834	2443.981435	1143.482695	919.751932	749.056979	1140.224154	1508.685957	2822.348600	4097.707621	3625.539953	3797.059476	9955.137476	12774.440640	15495.820409	27335.359786	93531.087399	25362.485142	9704.917409	7977.007624	6593.235733	5996.557450	3905.717730	3396.245429	2520.824636	1971.741907	1124.061891	1167.077690	2238.846752	2442.587594	2633.232516	2331.184496	2144.078929	906.306745	575.104398	1304.998371	1922.610856	1302.023912	765.888968	615.249236	476.251261	294.333192	176.658433	249.258310	287.007212	237.369650	361.037528	344.316869	203.535125	284.421248	259.934190	622.873219	535.075899	582.441703	561.699959	1434.009784	1718.468238	1418.917982	335.567218	191.985322	102.825789	129.082660	83.709884	87.303140	103.215704	158.552557	147.143641	269.915534	175.848218	175.529012	
0.000000	540.382795	806.183094	1374.755917	1246.265665	1109.715299	2132.479394	1025.438766	961.000652	771.399664	1122.316273	1368.318254	2528.690986	3455.286542	3200.132320	3530.549438	9361.895445	9945.860310	10673.801054	13680.882507	25362.485142	84825.712475	20777.946352	12936.457464	10520.119670	10165.284358	6093.390959	5396.388583	3826.905656	3081.818365	1746.181930	1593.706647	2537.887799	2869.621201	2669.764655	2512.282091	2238.166891	1004.605975	648.004107	1374.974550	1931.286942	1359.974786	797.205616	675.618050	484.813678	307.831657	192.595059	264.013499	292.813163	254.225771	378.255671	342.500099	206.838292	346.661834	257.506441	653.257768	549.781878	543.938831	581.580886	1345.390368	1607.762409	1375.699410	370.344011	178.636789	107.283301	145.768697	98.516895	95.962428	131.190840	162.480299	148.915305	297.152196	188.218404	183.113358	
0.000000	470.103376	456.415700	1129.312226	1246.393152	1267.076226	1940.965028	1077.822668	910.202669	755.195096	1119.396542	1454.131372	2492.035166	2925.362499	2648.017746	2592.170802	6258.195361	6248.936103	6158.050349	7283.164184	9704.917409	20777.946352	92066.412987	27257.253200	15779.848489	13580.773164	7562.872277	6534.583481	4661.997900	3580.760763	2005.866340	1852.886199	2884.972960	2952.209840	2942.741225	2503.445372	2482.857308	1134.826759	736.747798	1512.251009	1930.984071	1349.839820	852.770182	701.221654	510.089904	329.126470	185.414779	279.344961	290.592785	269.963301	398.413337	387.808734	234.078589	335.377798	311.699901	645.684743	580.468140	506.387679	583.448758	1267.074652	1479.121377	1296.635736	357.030478	248.227742	144.763122	142.229803	117.586289	86.880431	128.770359	182.212758	156.648779	272.991359	183.866018	178.318273	
283.218472	368.910133	579.390756	1496.992201	1182.536238	1110.333669	2062.609646	969.161113	757.393143	688.767080	1059.843977	1342.727074	2280.078850	3058.466226	2451.897044	2403.022853	5831.441866	5263.873658	5421.419670	6071.815721	7977.007624	12936.457464	27257.253200	92267.043560	27683.414892	14784.711522	7868.829575	6533.362125	4556.153638	3410.605209	1847.945625	1762.637530	3001.951051	2926.788113	3087.399246	2607.286639	2452.666307	1051.223371	686.877917	1404.434902	1901.408511	1348.170441	775.783722	667.266825	511.098953	337.620331	221.755712	286.831116	310.877401	281.777834	409.206173	351.641835	223.873936	318.859037	274.265487	689.797927	577.911934	541.789701	545.067952	1458.258267	1591.089638	1356.342951	352.331037	188.570229	119.410967	155.348969	119.463127	80.784744	129.021217	165.900127	158.682816	270.165237	200.854748	165.016439	
119.418745	376.723954	721.793830	1052.008417	1177.872424	1083.081984	2149.155084	941.123373	857.877050	685.510118	1015.877107	1258.598523	2317.642973	2862.119758	2527.900966	2486.443442	5239.110595	4817.559137	4625.348812	5487.544608	6593.235733	10520.119670	15779.848489	27683.414892	93942.762560	24282.282859	10499.224995	8026.315735	5354.408791	4058.339347	2204.379816	1956.435869	3191.815027	3126.623991	3217.050480	2824.299118	2452.747430	1144.649188	742.931910	1466.571083	1898.826454	1358.360554	824.392425	679.401846	522.914819	341.434911	194.798005	267.028326	328.711068	262.259060	413.178289	376.289708	231.956448	309.440468	276.260019	655.510659	601.336491	556.410613	573.463258	1287.758030	1483.738005	1287.058582	398.087369	210.355241	136.930222	162.713751	120.500765	82.349614	135.053044	192.575086	136.569418	269.732331	226.848682	201.779080	
0.000000	311.105950	552.767019	937.626945	1016.652284	795.048991	1839.524720	951.044848	828.073442	730.233166	1026.035609	1389.815719	2278.892365	2590.627423	2459.799506	2669.411757	5784.298845	4830.808437	4497.389533	4959.695858	5996.557450	10165.284358	13580.773164	14784.711522	24282.282859	85924.230101	24203.725548	13220.125699	8042.964938	5662.166703	2939.096634	2419.209691	3556.932625	3414.913789	2909.814484	2802.889701	2642.927191	1280.544597	779.179693	1635.242893	1968.550040	1293.012913	831.885454	679.911539	559.126027	335.335615	230.389277	308.355400	310.715629	291.050309	450.352100	348.263770	257.225431	316.669664	317.779356	651.456529	569.101280	568.315085	555.260936	1255.548736	1444.379366	1280.621656	438.603116	268.069544	110.478308	195.815858	118.371643	97.601073	138.873623	176.670653	172.653428	255.750220	184.362455	201.215295	
0.000000	234.627359	509.190780	655.037317	678.159961	725.145592	1453.095810	1138.636404	1048.691325	957.538984	1325.551242	1621.794733	1823.024750	2087.682736	2298.815543	2717.813620	4061.877202	3287.588274	3224.174020	3490.592416	3905.717730	6093.390959	7562.872277	7868.829575	10499.224995	24203.725548	96939.318995	28088.832084	13041.306594	8883.288403	4940.734737	3762.782726	4039.477735	3272.565604	2731.541612	2543.274225	2490.017500	1633.978977	1210.330422	1879.199614	1954.063966	1495.681807	1018.493815	810.185020	645.748742	445.558527	278.114952	359.082590	449.703032	395.103523	470.214785	421.807452	322.250589	455.290402	418.639756	787.485172	732.127261	715.086725	643.195009	1010.477088	1155.867156	1032.435504	544.239982	326.957327	198.689957	183.255982	126.805856	118.341564	157.917985	230.118199	211.553983	301.565049	270.087101	258.598488	
102.428566	250.162019	452.420220	609.076125	548.185256	464.493804	1341.296612	1062.139490	1044.032474	884.526240	1369.414406	1582.674210	1757.113427	1905.417693	2271.439803	2747.440148	3940.605766	2883.563058	2780.658739	2999.351870	3396.245429	5396.388583	6534.583481	6533.362125	8026.315735	13220.125699	28088.832084	92046.519207	27619.712981	13378.939501	6252.258583	4929.005170	4808.601038	3600.676330	2855.701678	2419.048450	2613.245306	1792.678644	1209.693102	2150.477345	1911.920327	1562.633274	1098.991160	922.591074	682.484651	466.473522	290.197344	411.732144	416.862045	427.739029	570.563582	502.917358	355.524082	471.340686	403.191568	871.485259	828.522887	772.132725	768.612925	995.170930	1102.781063	1083.343160	591.337811	327.748429	214.471385	232.606365	142.464561	146.082729	157.442483	202.676230	214.301070	345.420546	265.917826	247.670810	
0.000000	180.977242	284.233291	396.567098	368.720340	487.790501	1120.829533	907.665798	1134.049948	1088.572787	1390.511876	1757.850421	1665.524980	1616.435287	2292.399080	2711.828996	3144.431905	2426.638634	2266.186782	2351.287789	2520.824636	3826.905656	4661.997900	4556.153638	5354.408791	8042.964938	13041.306594	27619.712981	101213.389737	28470.640151	10014.412782	7193.457490	5496.126016	3436.284795	2660.957196	2489.340469	2715.117865	2138.023175	1590.757413	2341.360977	1916.786381	1562.686383	1105.269290	972.463461	761.675021	546.570154	328.270448	503.853610	470.193796	491.904332	630.430714	578.156092	433.673645	563.124746	458.456997	899.376442	907.433874	776.835575	820.698374	877.760960	883.341740	948.107636	646.871220	378.112802	223.236388	266.977581	167.732552	142.845047	188.555011	255.784804	275.907954	371.333479	261.416356	281.714913	
88.623970	207.428332	144.217032	230.313782	266.551420	272.249840	757.134715	1344.025592	1387.217843	1390.840289	1370.921897	1653.013507	1156.458673	1165.469551	2166.460595	3369.919792	2582.139101	1755.188085	1888.238081	1834.372962	1971.741907	3081.818365	3580.760763	3410.605209	4058.339347	5662.166703	8883.288403	13378.939501	28470.640151	96983.623131	37466.054733	11455.605758	6107.211628	3244.982362	1987.538427	1904.772468	2250.981622	2628.939190	1996.069825	2132.489618	1531.708571	1466.023658	1297.320450	1077.045384	986.973603	685.056416	493.803652	656.194319	597.891257	580.203043	642.936161	582.684419	540.374077	620.831681	662.739840	818.895676	973.298327	841.801959	950.386749	699.862165	655.699653	737.078867	804.597507	496.259433	335.155734	310.400725	227.192834	196.536866	227.980264	262.655189	283.628355	351.937092	333.494744	258.182523	
35.414946	165.780506	32.931681	193.430516	206.767087	238.309612	436.477023	1579.121363	2105.875468	2158.822375	1161.159166	1718.865732	876.287354	649.046942	1736.396110	4265.607012	1380.552352	1011.954515	1464.786540	1197.857234	1124.061891	1746.181930	2005.866340	1847.945625	2204.379816	2939.096634	4940.734737	6252.258583	10014.412782	37466.054733	120676.932835	23953.099638	5794.682500	2532.013741	1389.555224	1454.801465	1430.636631	4147.038517	3832.134054	1363.624264	914.046503	1242.179188	1716.942547	1396.505014	1160.050230	947.257540	1451.534642	1189.393609	867.179117	846.695834	554.810276	634.247207	1082.682880	822.747452	1304.496304	622.076539	1073.990355	853.891692	1361.190215	515.293337	438.211817	486.855580	1038.111927	875.653639	873.201728	444.808042	432.693309	453.466317	440.566173	398.228344	386.173924	401.820775	551.010024	365.229200	
0.000000	104.912845	110.615207	202.600718	210.459440	232.018923	588.659647	1546.018138	1717.011798	1578.683053	1422.587029	1831.544693	1105.003688	898.027736	2181.996598	2894.915351	1593.663946	1120.748973	1171.298468	1107.483624	1167.077690	1593.706647	1852.886199	1762.637530	1956.435869	2419.209691	3762.782726	4929.005170	7193.457490	11455.605758	23953.099638	104225.187035	31278.288081	8695.491248	3426.233388	3475.252309	3736.204850	8100.611743	4415.256318	3162.271672	1591.964959	1888.398028	1980.994202	1871.451947	1782.901816	1255.573783	989.963264	980.487488	867.142084	898.519381	889.137977	875.728328	989.197196	1038.811743	1187.513543	1127.788031	1174.174787	1326.309163	1770.595395	844.014311	701.060127	846.272530	1310.742847	933.641536	574.969732	440.535126	364.067550	336.201718	356.220497	419.605170	438.704516	492.386111	664.998199	485.166947	
44.677731	427.373906	727.036917	586.440681	557.264151	745.063177	1589.340502	1369.017686	1214.374830	1049.955975	1403.622159	1651.991550	1894.756426	2101.427446	2490.626226	2293.930100	2464.216932	2141.973623	1979.628366	1960.179208	2238.846752	2537.887799	2884.972960	3001.951051	3191.815027	3556.932625	4039.477735	4808.601038	5496.126016	6107.211628	5794.682500	31278.288081	95648.557237	21572.619426	8494.527032	7326.274555	7460.674095	6288.639039	2890.852446	3597.327446	3102.429812	2426.562005	1776.243097	1647.272273	1273.753566	786.411688	473.330697	568.316400	571.138200	544.852753	750.692459	706.841649	522.195722	656.295659	655.390644	1213.503571	1088.783040	1174.541512	1237.680768	1698.565786	1678.995813	1784.436025	949.357132	568.946806	285.101861	315.304105	219.320482	201.660103	265.444338	324.797762	358.848018	450.592942	398.485468	288.948021	
50.683141	412.612660	541.986749	888.512026	977.396771	1037.979312	1795.875264	1242.954216	883.728484	684.090778	1087.257346	1334.529867	2083.585904	2433.863938	2124.630710	1751.168242	2558.522150	2351.413954	2080.782387	2264.062943	2442.587594	2869.621201	2952.209840	2926.788113	3126.623991	3414.913789	3272.565604	3600.676330	3436.284795	3244.982362	2532.013741	8695.491248	21572.619426	86647.919295	28479.200714	18527.762824	15236.620314	10009.307669	2658.232833	4397.678325	4198.159919	2874.041849	1774.248230	1420.904018	992.453828	575.864623	298.501171	399.524509	408.259333	395.476272	578.016778	517.724096	332.147780	436.563241	374.469597	1049.980414	882.782100	932.117256	980.111638	2111.242540	2244.755273	2091.449747	661.659274	346.464089	197.808530	218.684311	187.061270	131.858460	209.091709	252.705922	246.226803	391.889276	298.920419	233.290068	
167.293687	499.378695	855.597582	1237.956976	1302.306205	1354.139874	2139.936995	933.880463	694.521339	607.931237	970.599804	1181.984410	2139.856670	2669.794372	1880.446713	1417.831547	2497.426855	2560.475480	2393.321312	2454.538333	2633.232516	2669.764655	2942.741225	3087.399246	3217.050480	2909.814484	2731.541612	2855.701678	2660.957196	1987.538427	1389.555224	3426.233388	8494.527032	28479.200714	100035.285230	30100.447897	16482.636712	6852.517564	2220.523396	4023.514089	4590.504809	2988.799033	1608.911239	1224.242456	898.511607	494.415746	268.104885	373.594721	406.814352	364.615322	570.334236	451.088526	287.272626	410.574639	351.011415	994.263242	853.937665	822.779670	825.551211	2184.192361	2499.688070	2169.189747	588.835821	312.710246	163.627558	212.359622	151.066750	122.355282	171.430911	221.655754	246.194806	381.968841	257.260399	246.932087	
136.829153	459.495878	731.600158	1060.737747	1143.829604	1120.892096	2299.598471	1035.766748	713.013267	646.120176	976.437381	1217.518137	2016.242519	2456.075598	1939.417989	1434.318014	2367.354990	2303.499834	2152.226788	2312.072211	2331.184496	2512.282091	2503.445372	2607.286639	2824.299118	2802.889701	2543.274225	2419.048450	2489.340469	1904.772468	1454.801465	3475.252309	7326.274555	18527.762824	30100.447897	99036.311942	28858.243024	9220.037174	2631.355743	4354.379731	4722.692868	3060.766798	1671.671672	1279.542598	944.118464	481.689840	305.429084	426.199930	424.002999	385.862353	588.647235	521.241150	292.351463	482.927954	402.418847	1016.739071	881.826249	862.999748	903.946212	2154.653348	2417.431490	2050.985973	614.113361	321.733268	165.664134	236.630644	146.775974	127.594512	203.781041	232.578262	240.179024	366.556447	283.438334	211.266263	
0.000000	367.823709	528.168663	1005.290608	899.849232	876.209119	1829.638483	1108.366650	940.472526	764.997582	1224.534573	1341.459049	2075.649247	2419.727373	2092.820814	1635.505148	2397.150255	2139.778459	1885.793564	1946.447326	2144.078929	2238.166891	2482.857308	2452.666307	2452.747430	2642.927191	2490.017500	2613.245306	2715.117865	2250.981622	1430.636631	3736.204850	7460.674095	15236.620314	16482.636712	28858.243024	98497.934378	18997.270955	4119.934573	6882.518789	5785.636227	3715.825427	2023.295820	1717.194431	1200.023021	629.009827	404.301991	513.961244	515.340579	468.201939	711.480532	601.282155	351.474476	525.973787	462.997311	1225.087158	1037.147697	966.267517	1048.226176	2234.548601	2238.214866	2216.293912	767.376323	367.998092	175.049360	234.521757	142.698874	160.233832	219.602574	255.656503	264.588962	450.249018	332.565426	246.701692	
37.917459	169.777817	264.440396	257.203377	348.837731	244.055751	833.740708	1763.445902	1724.257593	1575.487011	1294.357028	1817.210091	1163.587717	1043.464991	1937.251897	2401.195741	1170.464205	971.379610	925.999023	926.250697	906.306745	1004.605975	1134.826759	1051.223371	1144.649188	1280.544597	1633.978977	1792.678644	2138.023175	2628.939190	4147.038517	8100.611743	6288.639039	10009.307669	6852.517564	9220.037174	18997.270955	92289.111371	37814.871140	10227.800585	3914.541696	3897.412256	3905.702465	3420.364224	2678.110839	1817.213932	1847.736413	1355.915914	1023.863151	955.100716	885.635793	1000.051278	1230.916855	1149.893652	1580.949550	1237.250840	1388.549385	1530.419443	2389.197649	1185.276578	1005.102918	1111.598537	1542.214305	1001.869888	647.033813	470.940436	411.564473	440.940025	449.350978	439.588922	494.809790	548.125120	842.387775	541.266252	
0.000000	85.157319	88.425510	180.946726	238.901838	178.056313	495.433457	1506.725315	1757.754765	1778.691648	1248.795747	1642.800788	869.666392	658.501896	1493.211471	2185.969316	781.754827	674.619932	751.182375	620.535897	575.104398	648.004107	736.747798	686.877917	742.931910	779.179693	1210.330422	1209.693102	1590.757413	1996.069825	3832.134054	4415.256318	2890.852446	2658.232833	2220.523396	2631.355743	4119.934573	37814.871140	116568.703231	27214.826484	5145.315844	5642.952268	5654.565119	4132.399464	3037.723103	2064.556855	2119.402079	1681.886270	1272.474105	1234.039142	1052.846930	1152.049554	1487.938286	1375.806544	1770.122998	1214.097043	1541.596320	1641.883651	2068.738405	837.315912	657.954268	853.210175	1572.592123	1183.301265	923.231848	594.025280	503.461140	494.794357	495.606607	463.525144	532.793097	513.893670	719.807556	458.760734	
0.000000	251.482562	309.343389	473.086602	550.728654	389.314572	1411.053498	1471.025812	1291.746048	1148.165205	1578.870259	1695.958282	1659.417875	1558.656947	2058.251580	1809.060590	1691.726883	1356.631228	1184.405148	1298.939002	1304.998371	1374.974550	1512.251009	1404.434902	1466.571083	1635.242893	1879.199614	2150.477345	2341.360977	2132.489618	1363.624264	3162.271672	3597.327446	4397.678325	4023.514089	4354.379731	6882.518789	10227.800585	27214.826484	101768.953227	23124.997046	13191.794572	7118.456074	4543.242099	3212.501209	1560.611662	745.847583	1003.131798	953.424163	968.580337	1424.415189	1248.955389	780.221412	1043.768008	823.281667	1977.774748	1773.393041	1824.555329	1660.401881	1783.364863	1824.768396	1900.376403	1317.841122	696.589811	348.621087	395.166024	320.563242	210.039507	314.150038	427.514707	438.167415	669.024981	500.394972	365.506463	
104.732395	468.945910	535.637571	885.725160	991.324178	1317.578888	2185.543376	1265.224015	923.509972	687.987349	1244.129514	1486.894665	2105.001296	2321.832936	2041.157488	1568.220872	2082.148188	1944.483212	1851.285395	1869.608217	1922.610856	1931.286942	1930.984071	1901.408511	1898.826454	1968.550040	1954.063966	1911.920327	1916.786381	1531.708571	914.046503	1591.964959	3102.429812	4198.159919	4590.504809	4722.692868	5785.636227	3914.541696	5145.315844	23124.997046	106979.091237	32558.869796	9474.586238	5142.315736	2931.304640	1223.138453	632.113060	832.873299	825.062607	730.965817	1147.665704	962.455439	590.831456	738.354029	666.753363	1769.398081	1526.065242	1248.718560	1307.250221	2795.816672	2921.834288	2624.305724	901.105989	476.446097	242.418261	305.530562	201.841851	186.300185	241.892590	322.263865	319.396920	555.641221	383.690038	268.496946	
91.497972	288.643778	425.411061	652.894783	712.270609	669.234947	1531.339546	1475.374678	1216.142818	984.699575	1260.106034	1489.939853	1577.193016	1727.288563	1828.789084	1733.959804	1510.540012	1452.776924	1309.403900	1327.265135	1302.023912	1359.974786	1349.839820	1348.170441	1358.360554	1293.012913	1495.681807	1562.633274	1562.686383	1466.023658	1242.179188	1888.398028	2426.562005	2874.041849	2988.799033	3060.766798	3715.825427	3897.412256	5642.952268	13191.794572	32558.869796	100293.420633	30443.252232	10139.864641	5048.939195	1990.587867	1126.468419	1205.283052	1163.484666	1087.671545	1360.065123	1203.160789	811.347453	964.717339	976.302178	1859.249860	1736.373318	1623.823619	1742.298551	2241.755349	2182.623544	2132.480797	1264.352689	706.795379	368.832203	349.236848	268.663280	225.854326	281.282234	350.929609	400.709521	643.072041	462.666164	367.846133	
0.000000	261.576489	333.927099	382.952850	341.076509	475.550174	931.763185	1416.998923	1203.718143	1219.679229	1165.366468	1231.084941	953.086926	970.099913	1523.320756	1686.775228	929.224660	804.509007	869.526949	785.643722	765.888968	797.205616	852.770182	775.783722	824.392425	831.885454	1018.493815	1098.991160	1105.269290	1297.320450	1716.942547	1980.994202	1776.243097	1774.248230	1608.911239	1671.671672	2023.295820	3905.702465	5654.565119	7118.456074	9474.586238	30443.252232	118827.572242	23627.430420	9405.450914	3543.681869	2441.138862	2096.353510	1682.037188	1587.355389	1418.333211	1512.527468	1528.484384	1580.038177	1594.387556	1985.037207	1979.465718	2026.881781	2189.479204	1665.990767	1468.778864	1662.714081	1655.735404	1036.050535	699.962923	550.050934	450.159450	364.936964	440.742937	480.412332	540.873282	702.904078	655.149965	471.324661	
0.000000	143.281019	290.947355	323.870719	328.678737	377.605399	733.996592	1202.492239	1169.836291	1086.244943	1099.389405	1205.890551	917.997990	814.317945	1298.935627	1449.404094	791.208556	658.425535	652.717345	641.389187	615.249236	675.618050	701.221654	667.266825	679.401846	679.911539	810.185020	922.591074	972.463461	1077.045384	1396.505014	1871.451947	1647.272273	1420.904018	1224.242456	1279.542598	1717.194431	3420.364224	4132.399464	4543.242099	5142.315736	10139.864641	23627.430420	105188.954708	40933.329060	8773.945028	4195.913612	3197.362191	2702.632314	2161.627289	2451.633999	2388.254815	1965.260820	2182.059676	2038.208248	2518.986178	2387.575389	2606.778813	2720.603040	1712.714631	1302.157117	1687.023839	2160.335143	1327.937116	743.719751	775.443452	525.491719	400.264146	532.643658	684.568162	726.047513	944.211285	820.785298	567.416687	
38.768263	126.245340	72.099730	242.483057	154.326226	215.504863	461.516666	1127.637910	971.861228	1004.741979	867.927854	989.895242	661.299846	571.100435	984.075114	1191.280869	559.306031	506.410474	463.683430	496.696251	476.251261	484.813678	510.089904	511.098953	522.914819	559.126027	645.748742	682.484651	761.675021	986.973603	1160.050230	1782.901816	1273.753566	992.453828	898.511607	944.118464	1200.023021	2678.110839	3037.723103	3212.501209	2931.304640	5048.939195	9405.450914	40933.329060	107284.501893	26304.302222	9234.962181	5471.828055	3848.876872	2857.999536	2811.716265	3079.870426	2708.276328	2888.316876	2398.563705	2527.660776	2263.225633	2538.420187	2774.971559	1189.126818	1016.775820	1220.015672	2352.954678	1573.802787	940.420127	1019.902041	670.318449	566.884222	656.422000	769.138346	848.915642	1021.470697	1095.549050	591.811316	
38.094029	116.296651	17.711454	104.031610	124.683654	144.886326	266.758976	592.527670	683.198178	694.434370	620.769890	709.189724	375.977667	335.817201	647.581346	780.636238	346.940891	284.191542	311.516480	296.088534	294.333192	307.831657	329.126470	337.620331	341.434911	335.335615	445.558527	466.473522	546.570154	685.056416	947.257540	1255.573783	786.411688	575.864623	494.415746	481.689840	629.009827	1817.213932	2064.556855	1560.611662	1223.138453	1990.587867	3543.681869	8773.945028	26304.302222	122390.547324	44288.575258	10616.776511	6033.477096	3694.958232	3085.171051	3310.090755	3334.834051	3095.412070	2507.141246	1857.935581	1813.019038	1865.113457	1928.013082	721.450761	597.706234	693.139555	1779.251368	1585.831750	1122.117606	1247.714827	845.662153	783.895239	726.314290	788.303575	861.168900	822.814744	922.809271	526.030462	
