236733.602298	52569.853947	14395.149164	6782.490400	6344.791596	5673.924465	4396.340674	3750.550548	2543.258678	2398.942727	2301.036850	2072.218374	1412.073758	1140.143995	1004.405608	894.301075	1120.154023	923.731042	941.584652	865.313969	956.728457	831.552470	830.278097	623.041491	541.171727	583.147497	861.688329	1050.955525	670.801612	735.247270	598.759079	626.603233	654.658210	762.318541	688.130316	1202.260889	1174.368896	1041.721267	764.403171	849.763970	925.909653	933.091844	999.717803	541.849266	530.834676	605.923357	981.222553	791.045103	711.949179	830.612603	1105.093608	855.768624	409.759210	186.934978	448.898132	1234.646586	1040.224597	991.955371	969.481540	1019.835677	828.774109	775.152166	903.655312	786.282105	802.004132	848.151065	807.466431	786.386385	796.889530	930.084196	677.212560	493.365167	466.443259	491.195828	752.926511	735.028205	431.447517	472.022328	472.457817	821.169828	729.451460	830.041678	949.537227	903.641427	993.161550	871.161509	728.575786	658.122269	627.435505	669.254964	797.257942	776.598712	743.534661	796.108079	609.168356	570.288347	439.273450	298.277902	341.513662	517.766786	423.806930	297.471442	283.226521	223.150671	370.918619	533.780683	512.686296	573.047514	621.945528	671.160035	665.765690	593.448149	461.833342	325.855696	345.474084	507.782570	1433.425625	1501.301539	2286.467962	2388.231025	4247.269506	
52569.853947	183731.699482	49413.714590	14347.179943	11666.000840	7666.346819	5289.847819	3627.556576	3845.637658	2833.863421	2475.900724	1803.233382	1618.177216	1262.332856	1083.470506	1112.567118	1092.614236	1054.210907	989.956653	930.854543	916.069855	813.940245	734.687285	713.695064	679.275116	695.821738	826.549732	921.346513	690.146230	691.157476	627.345685	665.822737	675.938083	831.717364	914.376410	1088.544767	1037.269142	1003.701110	983.600475	1089.064702	910.920925	911.904560	985.450141	717.219759	693.797073	798.860043	1045.905076	967.652967	943.704139	1002.327475	914.521365	786.587187	496.210414	192.932909	458.768042	934.860180	880.438102	851.901780	1343.420865	730.511109	738.493940	548.909437	695.795389	567.557500	882.571801	653.688192	623.071314	770.900974	857.558672	949.738307	803.075814	680.031924	632.202951	740.645390	670.970151	777.976288	728.726100	674.833557	811.152950	704.583085	800.928388	944.363352	897.895763	1032.728372	991.766684	1084.271846	965.779859	638.717122	937.549193	669.475265	593.595139	790.644925	749.358760	817.417916	775.490886	699.047829	556.405970	390.730591	413.955076	366.481133	329.854673	323.626139	267.032136	300.126017	337.414171	583.809718	626.428482	684.096748	620.145666	753.590877	782.301442	773.798391	570.528432	400.878012	444.060544	622.103543	1133.146291	1386.843114	1801.539816	1460.427638	2208.733507	
14395.149164	49413.714590	179113.231978	48094.108652	20056.688067	10264.903230	6909.541652	4535.114955	3770.235198	3050.234269	2754.390048	2096.269914	1479.900115	1123.776135	1036.250095	987.237687	1057.611588	965.279938	880.917109	857.190812	937.282371	823.775772	736.881197	597.435567	509.984473	627.608003	815.086256	879.990254	605.428941	659.892539	692.388591	648.949112	683.360071	760.382586	739.686424	1114.791259	1181.014517	1073.500584	932.501244	1018.029743	1006.533264	937.560202	1024.429138	604.713410	540.599841	673.756959	952.496448	892.204488	769.777466	866.715965	986.078034	748.380635	365.768898	123.367742	369.523813	1025.011958	955.817497	979.039257	1204.757655	881.543078	855.393911	780.231642	794.422010	624.516590	910.078371	782.564349	722.505696	785.012865	896.651664	1006.519665	773.296419	619.864842	551.030806	599.243228	747.776551	824.754923	588.936571	583.208082	580.562395	751.845691	794.231438	923.412897	955.403555	943.691332	962.833459	961.383216	816.070336	615.780308	815.765254	699.884723	671.146818	806.116310	737.538290	858.589686	717.166771	628.722809	449.001077	315.777813	375.021502	434.734952	335.429711	283.891919	227.075874	200.481763	291.457001	512.861597	503.573248	606.194519	661.207768	696.885982	693.343915	631.287008	455.298983	291.043921	277.505052	449.850733	1017.566710	1199.792612	1505.919602	1163.265764	1570.148043	
6782.490400	14347.179943	48094.108652	181214.509306	60944.352496	15453.242844	8166.468739	4751.465710	4167.060177	3271.254968	2719.245620	2017.495912	1449.063573	1216.402697	972.363767	878.435098	1050.688235	877.251911	828.711639	755.889401	852.290741	837.381426	842.557805	570.645489	458.475610	516.907412	708.053453	760.444804	616.623796	657.660115	599.774072	697.564958	711.122763	706.010560	657.559985	987.020625	986.124642	936.500607	828.739946	1004.578026	961.311434	838.536301	810.291092	558.724936	530.076166	564.813314	816.401467	739.015318	713.494304	769.103253	797.995807	586.677484	296.840201	147.196247	338.944931	839.994438	849.218825	920.213406	1133.020431	867.972012	747.638934	660.231138	722.947718	610.522821	783.328507	719.534417	666.618264	780.891164	875.323734	886.465227	726.794564	628.033962	522.316804	542.891316	694.322539	730.570968	549.800039	507.031111	519.281404	684.976906	736.572710	922.716712	883.860277	888.983026	853.535094	883.911026	760.751013	636.786657	776.495458	749.570831	688.584265	844.584110	794.899006	854.540602	682.473138	595.562907	413.546382	321.816844	338.737936	417.364958	296.137484	251.628489	232.422463	179.998877	250.036548	392.936233	481.483231	542.214264	570.521166	597.345117	545.792680	531.140551	328.566910	210.274642	250.586444	349.019172	807.054954	984.963272	1163.571868	1010.661881	1067.827321	
6344.791596	11666.000840	20056.688067	60944.352496	173282.527562	40227.072019	13721.802361	6382.614108	5680.947451	3674.060594	3075.640720	1959.348241	1778.154546	1118.933594	1155.101277	1118.297900	1064.044611	1078.877377	950.258987	870.225562	890.294658	719.340660	638.780573	659.198215	557.980725	545.046714	724.148456	789.814120	618.687823	597.004986	602.354045	610.164836	673.567144	786.039086	882.873439	1042.240505	1058.477240	941.995201	951.678150	1048.033997	937.897925	877.483987	865.571242	536.927355	614.819425	718.916391	899.883962	801.548811	824.081183	824.864788	818.707884	620.832592	272.559082	166.779433	422.442483	833.332849	864.257977	961.250530	1403.186001	840.028650	808.244083	616.978495	769.981875	627.841438	946.068534	708.741354	707.129938	909.282925	985.368835	988.351725	740.684495	624.164160	628.941805	638.553751	614.943133	718.219561	613.835445	622.564002	696.307819	702.104089	730.507873	926.917825	943.792451	1059.208007	943.743105	1042.995550	899.414978	593.347550	941.048297	694.314458	701.835361	878.938307	741.451397	770.122589	674.030599	623.066204	470.094644	337.764184	346.920407	295.681791	283.414734	268.572867	237.212796	244.816335	278.722516	469.557978	532.393971	546.252907	536.327512	595.426372	602.693153	624.695131	378.805835	305.493997	264.953850	403.329623	865.123952	984.924151	1228.637041	946.081095	1148.789701	
5673.924465	7666.346819	10264.903230	15453.242844	40227.072019	186898.043107	49721.483220	13805.442788	7023.826879	4780.505749	3498.321234	2565.921204	1526.998343	1161.954043	969.007399	940.994863	1047.139881	887.138791	758.478882	752.604719	897.157760	781.942791	697.266053	525.997475	434.140383	456.292711	746.818274	802.364594	585.414618	646.884526	553.834286	633.340538	611.961418	653.935408	649.144301	1124.903876	1163.710607	1014.624134	797.482244	879.566835	1038.684389	848.911943	836.879331	465.744271	469.752906	548.957665	771.133969	677.876040	628.266354	670.329229	865.355504	578.055970	239.043908	110.155030	296.454715	964.208629	1174.609776	1177.969772	1311.264959	1118.953246	1144.798328	981.901796	1030.645867	940.115784	1058.383904	1010.456766	1003.718694	963.234956	1008.716320	1073.179898	641.261410	485.483320	458.230870	513.505152	744.626055	664.059935	386.811463	449.880648	485.486586	766.999427	792.116531	1019.327458	1057.536725	1015.264986	1052.246755	940.261297	836.078963	699.611405	756.343504	765.232109	851.311432	949.870329	974.451468	941.088473	632.393901	539.680308	369.646110	259.106953	302.924413	386.969232	299.198245	239.831612	181.097971	146.997363	242.867788	376.160077	457.822191	540.425217	556.206654	625.758978	542.095123	475.125573	284.478196	226.673412	196.291546	295.991642	982.612998	1145.048024	1406.670583	1109.993041	1265.514552	
4396.340674	5289.847819	6909.541652	8166.468739	13721.802361	49721.483220	182172.224951	44074.555498	13641.222218	7611.919079	4911.166583	3331.538193	1883.154127	1360.090105	1178.852252	1156.529966	1223.521436	985.442502	897.470438	809.485501	932.831185	818.859935	758.504822	617.411067	480.835295	543.620050	794.998910	963.906053	662.569598	696.572119	713.259459	662.902213	719.777603	750.176085	700.625524	1212.345126	1298.260671	1180.391644	913.836868	956.609824	1051.929528	979.247144	982.740901	487.288450	496.902720	548.741472	828.656151	746.692054	628.240464	704.593566	896.369069	675.016448	272.218860	150.227566	266.856483	1081.008971	1243.970264	1243.215491	1355.967426	1203.778546	1151.049172	987.929759	1047.279813	971.115396	1040.581745	1006.334650	994.724504	1004.053501	1128.569185	1031.187206	695.862889	487.900651	481.040207	488.728632	717.519440	685.821899	432.895215	387.008238	477.571065	816.569095	826.834891	950.067459	1018.316401	935.643328	982.852132	862.929558	787.497218	658.362714	738.713679	707.086382	835.625785	936.153328	971.182528	962.058196	624.535266	574.207017	450.265199	299.633353	326.453990	434.927638	318.671856	240.242041	189.218666	141.424249	283.784134	388.411635	424.714603	562.439911	563.569670	656.216912	606.311929	492.026151	323.395895	208.217928	184.322128	292.598424	966.070422	1052.779152	1205.513470	883.985644	1056.948712	
3750.550548	3627.556576	4535.114955	4751.465710	6382.614108	13805.442788	44074.555498	184021.993339	51084.719761	15970.866636	8250.904739	5288.479607	2178.491522	1649.453961	1154.607489	1200.772508	1442.058334	989.073681	925.899093	890.394464	1135.559321	981.064133	942.492012	540.683664	406.501431	476.944753	889.142748	1087.557568	656.391879	794.173756	721.106707	785.324998	806.415218	685.817823	602.302757	1467.715736	1299.014401	1224.501367	815.262887	939.024049	1204.818714	1014.899489	987.354652	432.763489	462.727992	511.240242	940.446075	664.836893	593.559056	730.419342	1079.395895	725.667945	226.474833	53.166062	257.309214	1246.534806	1298.018235	1203.931986	1036.398043	1152.781379	960.086091	868.412744	883.465180	874.987308	776.277774	897.582563	951.625378	852.723735	908.638316	1071.439696	690.000890	450.013484	351.382114	417.280617	851.046528	723.896013	322.470815	322.232993	397.428022	789.847737	795.274227	905.950787	917.050247	807.345699	868.510981	649.154419	655.272144	639.094248	564.515114	685.964702	826.871005	857.161241	952.021166	994.392007	639.348888	575.198598	408.873248	246.749934	287.725409	556.818305	348.354887	191.195918	216.180971	130.544185	247.285096	390.294589	462.021466	592.940276	589.849441	657.606604	594.365947	449.445337	256.650473	164.105072	153.601557	271.433354	934.404291	967.514812	1060.384736	791.795759	903.700510	
2543.258678	3845.637658	3770.235198	4167.060177	5680.947451	7023.826879	13641.222218	51084.719761	161460.647283	43522.256691	16058.169558	5412.577420	5244.637557	3129.762846	2716.223177	2573.187003	2296.040423	2295.546831	2022.899177	1713.652935	1581.240228	1348.170216	1084.357645	1216.055860	1101.947118	1211.531088	1286.388317	1365.561995	1152.528723	1016.696780	990.101621	1112.410815	1182.491429	1356.571450	1457.128439	1421.795212	1523.386386	1357.522465	1508.956231	1553.173749	1413.661037	1268.994881	1323.966195	1156.053749	1042.916149	1239.901314	1242.775793	1505.528235	1393.716422	1283.106904	1000.348170	868.881403	577.855098	284.591371	634.134004	932.751836	717.255873	741.423181	1372.400807	613.665508	646.885162	396.456986	548.313359	390.368501	684.760397	553.209165	465.917962	669.590338	846.382633	916.685268	862.076437	879.025026	860.674223	925.759154	720.405904	798.882118	950.688467	854.921594	987.916944	660.718310	685.442424	738.003472	779.396661	885.740650	715.299841	897.719638	788.915857	455.699239	779.252755	499.952133	502.338436	627.448879	670.747023	760.158892	914.931146	794.728672	744.481646	564.983169	532.309235	401.279166	383.555521	497.121934	335.352026	366.183532	449.975034	734.370050	754.872651	690.553118	714.124669	755.000855	807.818009	809.968999	628.439309	463.734804	466.224445	573.130121	722.885563	755.344099	727.630397	455.016525	528.351036	
2398.942727	2833.863421	3050.234269	3271.254968	3674.060594	4780.505749	7611.919079	15970.866636	43522.256691	172907.729581	57220.924104	10982.167307	5529.820925	3402.062562	2379.384547	2239.090063	2775.423651	1992.332342	1667.932414	1494.720139	1825.356841	1495.008779	1396.884156	890.505003	724.664322	821.595819	1307.532748	1580.369448	943.019520	1090.308794	966.246785	1049.731931	1119.416863	1155.428446	1081.121123	1598.203242	1512.211848	1450.636264	1162.557388	1426.329435	1306.140430	1252.454699	1244.026235	741.714815	726.673169	807.939822	1170.453963	1119.566974	913.143987	1056.015757	1163.626131	897.221813	419.268260	193.683354	371.445600	1165.753900	1027.637714	922.965546	936.154146	747.118847	664.919419	545.000798	539.474110	458.660913	542.623709	553.259911	604.372834	607.642058	741.049100	972.648941	746.253471	620.080348	560.223686	573.784650	833.644024	725.509279	538.278965	517.237664	544.073974	746.825764	712.269869	718.286435	755.348029	689.187043	599.376624	619.104018	589.031507	459.242015	491.731722	535.529855	528.905406	647.298025	738.998101	853.163346	722.352663	750.343859	543.399161	399.877494	477.997558	578.234145	441.146943	293.155707	260.570375	206.769985	346.303379	581.090034	579.435105	664.528529	613.200801	622.829830	675.580354	597.338726	403.231898	252.418333	246.155772	338.630422	745.700956	717.120110	611.105611	415.638305	479.744030	
2301.036850	2475.900724	2754.390048	2719.245620	3075.640720	3498.321234	4911.166583	8250.904739	16058.169558	57220.924104	155213.506133	36138.651281	17250.986629	6378.016875	4588.262931	4195.719647	4066.641341	3259.921508	2574.915055	2224.842310	2253.741297	1812.774220	1703.191379	1292.191399	1054.905945	1173.599457	1734.459129	1908.063276	1166.490178	1268.908627	1176.406833	1331.128835	1375.316394	1396.647796	1359.599778	1855.079374	1774.987095	1643.299290	1371.153950	1599.920253	1557.307474	1554.995424	1620.190032	1042.319197	983.228009	1199.800466	1499.607518	1294.604472	1258.536589	1328.409195	1404.045277	1131.159918	566.207767	243.416525	567.338567	1256.917840	998.428586	861.677337	871.246169	686.894315	562.995308	447.982273	438.829566	361.192579	484.456813	445.018619	528.216380	583.002428	680.721213	907.749143	756.210752	669.788019	637.943164	669.127472	833.696081	793.133210	615.191822	595.414565	621.994173	706.739842	690.801365	749.255839	698.322403	636.717755	565.041160	571.505236	512.900520	402.796486	488.913450	471.617589	462.795906	597.125060	670.640153	739.184676	856.697570	810.735932	695.370009	499.012067	601.745336	625.231864	561.953751	445.442457	355.079854	345.465573	486.659321	716.190172	753.244868	728.202014	662.166322	688.892772	744.551283	722.798949	477.872148	300.001015	333.357910	488.373328	755.404860	626.640151	572.105563	390.077092	446.921066	
2072.218374	1803.233382	2096.269914	2017.495912	1959.348241	2565.921204	3331.538193	5288.479607	5412.577420	10982.167307	36138.651281	212391.073195	29769.958457	8291.425285	4684.894959	4200.846336	5114.281806	3032.171143	2308.413391	2011.597256	2736.107661	2188.722034	2023.083749	1033.205422	752.064613	879.305207	1705.231278	2199.468898	1016.784488	1456.862856	1214.404273	1307.903638	1276.311003	1094.009402	934.972976	2166.689946	1739.120237	1668.121330	1013.375697	1388.693661	1626.621714	1520.683639	1631.268428	694.427655	739.724534	719.935423	1390.202767	1076.432228	816.326473	1120.019674	1585.176770	1114.826443	302.356933	136.301698	355.108292	1601.277833	1139.512912	871.079507	646.809947	730.054869	561.858004	493.868242	453.433777	485.917618	397.113261	485.314306	612.232856	526.975676	592.518425	843.876770	760.752264	482.696809	370.933058	409.152244	955.885940	767.657467	338.877432	323.878064	365.121089	787.519219	656.781280	724.062869	656.895230	508.433556	550.011772	414.538039	435.503187	486.465933	308.804456	438.431537	542.611063	630.532058	696.006583	845.802511	655.638843	741.732662	574.583852	304.794411	451.714945	986.282168	633.355296	307.093509	339.375815	206.625924	423.740552	552.239734	575.207250	675.859808	573.489009	630.418375	662.205154	488.230089	327.091682	173.385887	196.606523	283.232517	812.693089	597.520174	585.869366	416.906185	451.061266	
1412.073758	1618.177216	1479.900115	1449.063573	1778.154546	1526.998343	1883.154127	2178.491522	5244.637557	5529.820925	17250.986629	29769.958457	143190.647620	42024.858509	26407.661804	17464.329109	9703.695964	8804.824844	5534.727151	4164.756977	3316.496819	2803.321179	2409.090503	2764.337310	2795.777666	2909.878810	2877.155976	2700.109512	2289.955437	1677.939088	1597.540334	1745.784954	1866.313532	2299.441947	2544.426579	1425.845067	1697.880614	1414.570031	1638.764268	1619.773706	1599.143814	1611.150849	1724.310947	1939.777420	1828.409485	1914.908122	1555.906415	1766.269406	1748.052745	1472.928328	1219.100065	1429.800643	984.349236	543.226101	982.828373	888.210967	408.656212	355.323539	506.643555	247.725392	239.063967	167.091557	198.350547	124.997208	211.068513	184.777654	175.863606	234.686454	295.170791	500.299546	690.562362	843.051973	906.204421	872.837517	547.969152	693.424110	966.911734	837.808004	842.597240	451.948678	428.234110	365.282233	346.627053	346.157768	254.708946	328.515429	313.318933	171.358106	267.757970	213.976641	169.624882	225.060098	276.432170	357.761512	641.054156	764.632401	877.968535	873.729892	740.547132	441.006686	664.760130	871.573312	775.117381	746.879980	763.661033	795.125689	632.491385	482.286906	505.115559	464.372888	531.403438	804.784529	667.111085	575.853302	579.032967	566.176416	457.349943	327.905401	192.873710	139.926210	152.283691	
1140.143995	1262.332856	1123.776135	1216.402697	1118.933594	1161.954043	1360.090105	1649.453961	3129.762846	3402.062562	6378.016875	8291.425285	42024.858509	159890.754291	51929.626440	22996.719477	10355.316346	8916.036132	5138.398095	3713.512748	3370.069712	2819.680632	3456.382513	3268.980624	3166.115407	3107.063164	2809.272659	2274.453295	2208.097758	1926.850141	1447.529983	1564.520911	1752.299741	1775.939629	1976.253737	1291.691671	1249.305068	1168.258270	1272.378932	1372.765739	1327.278523	1294.850596	1354.627454	1756.578380	1625.744982	1426.834294	1368.107625	1450.262221	1383.248091	1142.877980	1096.948860	1272.562574	1394.364868	657.622067	1158.637158	795.895922	420.142804	308.778065	354.876865	243.324232	202.567237	176.033720	152.778502	123.932102	169.229612	170.086330	186.684890	214.714946	241.969978	405.235082	562.876283	840.887593	670.818323	634.210981	482.262549	588.936770	649.201559	725.256215	647.287359	386.894030	346.226720	337.875754	276.589722	322.965066	217.871192	279.530926	249.165196	193.067355	183.938929	178.519272	176.374887	243.396391	222.690145	367.663258	490.073532	586.302544	664.513476	738.582061	611.648886	608.649285	583.100776	815.450463	1089.402245	892.613692	794.472914	615.788200	484.200447	406.806476	357.659933	353.359882	386.407731	542.448272	618.364813	695.655571	571.893987	528.435327	400.804763	217.978941	163.874189	114.548377	150.736577	
1004.405608	1083.470506	1036.250095	972.363767	1155.101277	969.007399	1178.852252	1154.607489	2716.223177	2379.384547	4588.262931	4684.894959	26407.661804	51929.626440	152533.138778	47963.742990	11967.789123	11463.623694	6329.839283	4238.588428	3498.015887	2656.831693	2951.678981	4048.594447	4405.420782	3959.124208	2852.003379	2351.207148	2364.234764	1685.128776	1651.027028	1628.385379	1672.664050	2059.442671	2111.773263	977.527677	1161.763504	978.525646	1383.566715	1225.043329	1169.024491	1217.824833	1343.605399	2012.850036	1933.606494	1539.929834	1208.840845	1319.327711	1402.126490	1052.432892	922.644080	1294.944295	1688.965662	776.930543	1388.922644	624.547265	249.871735	227.867992	283.476981	167.027504	124.351412	112.898258	136.886380	80.945635	139.083087	123.915519	112.460715	157.565579	213.856317	277.809367	447.401041	751.562624	699.029339	623.181021	355.002181	487.171569	735.024754	770.706144	679.007848	312.624198	302.952518	283.832330	241.525472	234.138296	176.060418	264.195653	227.415071	115.766516	208.951806	130.415902	111.290413	142.044923	171.167963	233.889506	444.904010	481.754534	649.396987	831.993577	563.484519	400.834566	462.557624	878.434709	1125.468833	1121.699278	879.015180	557.836748	400.002136	294.502038	318.925917	293.603779	355.196857	535.969954	698.212801	854.738810	713.098711	558.031673	299.126300	184.925275	109.587686	100.531013	121.041348	
894.301075	1112.567118	987.237687	878.435098	1118.297900	940.994863	1156.529966	1200.772508	2573.187003	2239.090063	4195.719647	4200.846336	17464.329109	22996.719477	47963.742990	148012.433491	34522.301890	23350.770853	9589.055206	5949.622843	4304.087015	3225.962312	2927.714281	4235.746197	4191.668164	4191.079651	3020.502181	2732.582879	2458.864434	1735.653604	1722.618570	1731.443607	1735.989290	2191.059947	2334.881748	1133.095016	1278.858048	1086.756416	1381.537612	1272.265965	1264.751791	1310.890801	1425.589173	2120.971794	1981.979105	1625.149299	1314.174337	1446.012783	1445.869603	1125.174021	1055.831160	1381.550067	1532.833387	888.312365	1279.178912	731.085194	302.239654	218.194178	315.167429	187.075391	190.848902	116.466321	127.028830	101.494030	141.172795	121.440186	112.354284	169.750341	214.930868	365.882808	486.335745	732.316386	716.076745	604.791397	405.895778	550.799616	781.618641	765.497770	700.881851	319.651972	292.613371	294.785759	226.258085	304.734128	186.669803	263.541625	214.952915	144.906552	227.010808	126.812196	107.906988	142.602741	177.068089	220.766926	449.156845	534.377147	684.188771	806.195004	651.936266	402.350596	521.194015	878.167701	999.240242	954.139217	804.512294	590.955245	458.400783	287.616924	309.169988	286.614778	314.225809	591.704868	672.740851	676.575229	507.701280	548.183459	307.865101	187.943480	114.558470	106.101486	129.531330	
1120.154023	1092.614236	1057.611588	1050.688235	1064.044611	1047.139881	1223.521436	1442.058334	2296.040423	2775.423651	4066.641341	5114.281806	9703.695964	10355.316346	11967.789123	34522.301890	168419.720387	52394.817985	11682.420689	7146.648515	5521.440214	4149.252254	3946.931240	3246.940561	2634.343375	2968.192855	3321.105595	3160.804875	2457.324131	2087.694484	1886.855835	1941.534208	2014.465870	2096.452539	1979.766136	1509.201540	1474.144616	1365.950500	1421.327897	1496.893919	1586.887166	1573.628541	1662.787184	1479.139889	1575.026790	1436.525543	1414.936268	1411.959864	1322.347946	1240.404415	1301.320199	1509.237113	817.996723	361.026904	718.504197	1023.283256	448.754502	401.203073	371.935376	285.116131	275.837142	193.280951	174.502182	158.200527	227.357819	169.113273	212.078806	240.944817	287.986228	535.763391	637.628599	610.164424	640.297810	637.756508	583.482723	638.655745	570.763156	608.621683	556.367465	495.076360	369.984516	356.266680	379.611391	307.403834	221.993864	292.668700	241.392016	194.939589	211.947753	205.479112	157.345130	222.166369	269.057684	385.655118	513.167360	664.907844	763.897885	631.058164	712.792196	602.809172	698.851962	712.105260	730.110483	568.954015	623.080623	559.274744	483.673285	442.862698	394.842395	403.969199	475.223064	592.029206	452.178136	353.766353	313.238093	358.473545	392.846862	257.158713	209.352593	131.760584	144.817114	
923.731042	1054.210907	965.279938	877.251911	1078.877377	887.138791	985.442502	989.073681	2295.546831	1992.332342	3259.921508	3032.171143	8804.824844	8916.036132	11463.623694	23350.770853	52394.817985	137850.259585	39314.516837	14872.044894	8295.078690	5169.284158	4427.808275	5559.137833	5145.412739	4935.732539	3845.473080	3264.074440	2773.744430	1908.853157	1970.315381	1927.169248	1909.180908	2538.189430	2569.513200	1263.820225	1422.618772	1257.956785	1543.034435	1415.804678	1324.705584	1459.055993	1520.463532	2188.291713	2110.630236	1775.141581	1383.011214	1725.919877	1576.047963	1244.330859	1136.684488	1431.895420	1228.515852	595.982644	1284.419161	789.088726	293.304444	234.745334	337.468951	176.577879	173.416830	138.513001	132.008358	91.367413	157.682279	117.421464	131.398113	203.313050	226.428932	381.868837	560.713412	765.383902	800.053496	760.555445	451.644846	559.317356	784.719318	771.123277	779.214448	357.199695	342.003482	246.455076	254.671543	288.780290	211.712813	241.408852	254.877048	134.680607	211.578473	164.131255	136.871025	161.958636	217.264611	223.674723	475.874532	597.320325	747.673457	868.265724	687.218472	432.773702	594.188158	879.486715	732.109378	795.314363	681.888373	630.389852	496.215268	320.734444	342.579588	361.899264	414.515434	713.942946	663.014369	575.486821	535.258796	514.970559	332.698015	197.300363	128.074898	75.721453	127.881589	
941.584652	989.956653	880.917109	828.711639	950.258987	758.478882	897.470438	925.899093	2022.899177	1667.932414	2574.915055	2308.413391	5534.727151	5138.398095	6329.839283	9589.055206	11682.420689	39314.516837	140133.223237	52151.980099	18237.390258	9603.274487	7806.512990	8494.574891	6784.985068	6509.575121	4724.704602	3779.530875	3152.097523	2061.066707	2243.073379	2141.221551	2048.791687	2658.904204	2808.948725	1401.185235	1376.221641	1255.840994	1611.216099	1450.421000	1441.076240	1530.882804	1641.961469	2360.065728	2276.710619	1914.023527	1571.362970	1662.305241	1920.654065	1346.425688	1239.471440	1437.308689	1358.930814	471.468217	1170.670170	930.066847	364.026915	292.129537	375.800029	213.700702	198.986532	150.399934	136.274088	106.710268	168.073227	138.338593	140.099953	185.620338	233.020325	419.794882	602.002961	760.485016	815.343040	825.798939	440.071993	622.284180	793.745303	823.516568	821.568492	320.381081	313.353042	267.338766	288.226601	305.941568	196.357218	278.837672	205.954162	158.154939	230.861908	170.135796	148.794698	178.630161	207.077947	293.652846	558.126569	602.444862	781.427411	802.546397	706.155705	431.274827	581.526543	835.420525	731.240743	775.813167	777.772040	726.275020	535.826204	379.253665	379.457228	388.064507	433.685308	697.010996	622.676899	608.258217	501.921796	519.556917	362.363603	243.184222	154.100220	116.671344	134.501987	
865.313969	930.854543	857.190812	755.889401	870.225562	752.604719	809.485501	890.394464	1713.652935	1494.720139	2224.842310	2011.597256	4164.756977	3713.512748	4238.588428	5949.622843	7146.648515	14872.044894	52151.980099	141857.021925	42172.043160	17422.696984	12871.205107	12361.494102	7428.877310	7238.760730	5535.214980	4206.109382	3021.863530	1961.588730	2020.675395	1972.414610	1967.693107	2642.967227	2498.589232	1426.748480	1416.800115	1221.234257	1499.809468	1372.615872	1330.388735	1424.639847	1551.026638	1906.163431	1877.847858	1681.641266	1456.968685	1611.816852	1629.989983	1286.552087	1195.300381	1368.465825	1058.523899	513.957502	967.650492	833.477673	340.085197	314.012732	381.602784	189.415804	190.471845	138.265160	141.990697	110.589177	147.713842	152.176188	156.419858	196.962070	273.784074	418.538304	524.366781	642.542882	731.814614	727.400296	464.248126	551.906507	698.504461	763.286351	681.410430	372.366622	327.610806	302.400972	287.829385	288.263577	190.409910	282.638330	223.512700	135.345813	200.082782	173.388774	125.410545	192.515703	243.107115	323.795961	501.644579	581.642178	626.741186	646.480561	665.916682	430.284514	577.724578	762.700119	601.470051	617.269661	714.048593	587.144519	471.471099	364.018957	369.875950	357.487162	419.133332	607.516495	552.619773	501.761423	425.409737	420.062531	364.003690	240.247126	162.811207	92.881213	129.253586	
956.728457	916.069855	937.282371	852.290741	890.294658	897.157760	932.831185	1135.559321	1581.240228	1825.356841	2253.741297	2736.107661	3316.496819	3370.069712	3498.015887	4304.087015	5521.440214	8295.078690	18237.390258	42172.043160	140730.246885	43649.650027	27127.619151	15071.527667	7138.721651	6337.779243	6261.453731	4901.083914	2717.669083	2237.373142	2028.714765	2007.287191	2018.035645	2265.957035	2132.009653	1782.897722	1549.660353	1456.238225	1366.895907	1521.593550	1575.704320	1561.132279	1665.632758	1558.276999	1423.617405	1415.949675	1554.732170	1507.633284	1311.144419	1330.993072	1553.089185	1549.577532	869.493836	443.370810	823.556911	1167.969665	571.918587	412.540621	397.768201	276.874803	259.619651	194.639256	190.660602	143.606602	166.678092	178.379793	245.994650	242.842155	319.922669	507.946375	652.803834	626.908432	594.104191	592.809916	626.775441	628.437939	562.816979	555.239372	613.104345	438.219833	426.410173	396.611770	332.957172	320.677580	255.822621	279.864000	263.774001	215.200060	229.899519	219.784611	176.882327	251.881453	290.388122	432.282502	524.898290	642.443908	705.100610	596.119871	616.925734	642.424587	641.286173	641.622511	627.645116	536.438525	645.143889	653.399293	464.760889	449.336238	408.419013	399.503973	520.898509	574.348743	536.689792	385.676890	331.610311	398.178253	480.734727	292.204369	228.612540	150.338859	191.185910	
831.552470	813.940245	823.775772	837.381426	719.340660	781.942791	818.859935	981.064133	1348.170216	1495.008779	1812.774220	2188.722034	2803.321179	2819.680632	2656.831693	3225.962312	4149.252254	5169.284158	9603.274487	17422.696984	43649.650027	142614.709453	64124.550555	21544.418918	8289.261543	6859.760007	6386.946435	4849.536772	2730.151318	2419.588989	2092.005485	1994.732847	2073.662835	1919.723819	1783.787099	1662.137773	1528.391637	1354.047216	1320.915137	1377.389904	1463.148893	1419.893696	1499.107297	1484.547609	1399.659771	1232.010106	1480.323543	1305.112664	1167.802387	1228.695690	1443.510741	1530.685404	925.880038	473.035481	921.282755	1084.725625	538.397666	419.807297	373.558645	285.429606	250.579241	189.487860	188.596677	185.326175	167.182658	196.471913	229.112990	235.332637	311.019140	452.573184	572.793334	631.313565	534.401882	522.501590	560.372506	571.299669	511.019000	523.812914	492.558240	456.674743	374.272647	347.851070	299.194733	286.974469	219.920570	267.896159	230.081015	164.655731	197.566205	211.500577	167.405470	235.381210	293.234949	416.673630	489.549495	580.453614	641.978156	496.609504	555.260229	587.413731	623.233715	612.455496	617.397708	494.600138	624.139191	589.396894	458.547494	428.383670	378.419385	380.401447	435.683401	574.357964	506.339222	409.919826	379.068650	427.677045	465.587722	265.805588	224.371261	155.098406	170.562675	
830.278097	734.687285	736.881197	842.557805	638.780573	697.266053	758.504822	942.492012	1084.357645	1396.884156	1703.191379	2023.083749	2409.090503	3456.382513	2951.678981	2927.714281	3946.931240	4427.808275	7806.512990	12871.205107	27127.619151	64124.550555	159074.781736	32147.520056	9666.318820	7475.760895	6307.517048	4758.998821	2738.089187	2817.944403	1976.957479	2187.188805	2102.627168	1790.711349	1429.514093	1420.976223	1237.039918	1217.635543	1176.831587	1212.690705	1312.077214	1193.068251	1237.192680	1345.276671	1311.778427	1045.495832	1180.637885	1076.152750	946.977780	1026.256626	1357.166826	1444.530127	983.062028	524.625290	989.853903	1042.136512	580.967534	380.295727	293.401749	298.307341	245.252156	158.889740	163.925509	183.267896	144.899560	192.677321	218.528881	206.454977	280.268021	452.889675	502.865714	650.994237	474.353182	449.950616	533.591321	552.859139	414.326189	444.013427	436.255747	468.231963	384.620829	324.369249	282.051476	231.884064	209.405273	237.971676	225.433437	237.766042	202.210006	249.330722	175.561492	242.364296	283.389487	413.978339	414.830824	507.866679	638.282309	456.612967	542.205452	708.650334	618.340481	555.931102	749.442754	553.671893	556.536384	494.548852	389.471037	362.097501	328.398361	324.336164	355.425794	467.467300	464.522846	450.048979	432.422050	396.324932	440.782167	264.172579	210.158580	150.389052	167.976698	
623.041491	713.695064	597.435567	570.645489	659.198215	525.997475	617.411067	540.683664	1216.055860	890.505003	1292.191399	1033.205422	2764.337310	3268.980624	4048.594447	4235.746197	3246.940561	5559.137833	8494.574891	12361.494102	15071.527667	21544.418918	32147.520056	139009.012719	49998.073976	25014.651872	11179.068871	6109.199653	3952.429633	2370.092262	2271.373784	2380.605128	2460.404743	2794.841830	2660.914541	1168.512817	1283.182659	1142.290619	1363.470206	1235.025773	1158.262263	1231.206611	1330.760069	2517.549831	2363.312725	1685.198661	1316.263770	1453.669806	1539.569577	1177.838977	1115.601391	1537.729502	2218.567948	1224.902487	1698.005624	749.663936	251.933351	208.617563	277.709741	133.521581	150.985139	101.967489	118.626402	99.916519	104.233920	119.732162	96.738085	161.541532	183.167653	316.442718	423.472795	699.588493	690.838650	568.760396	290.211497	464.651908	729.566613	807.421447	675.731808	271.564371	275.403100	195.105778	192.128717	239.161494	169.960949	224.397534	226.090635	100.484646	167.035816	110.227214	85.021916	119.551174	139.928467	199.033626	376.280500	457.123268	641.274714	775.943745	546.203962	345.510563	427.935597	856.631054	1132.788574	1187.949782	954.577873	572.623501	383.083103	284.198868	279.186011	297.356019	351.277389	560.705146	791.006903	926.250873	833.869975	738.008473	338.216465	150.749117	114.696690	79.334056	94.721294	
541.171727	679.275116	509.984473	458.475610	557.980725	434.140383	480.835295	406.501431	1101.947118	724.664322	1054.905945	752.064613	2795.777666	3166.115407	4405.420782	4191.668164	2634.343375	5145.412739	6784.985068	7428.877310	7138.721651	8289.261543	9666.318820	49998.073976	167635.923875	42806.795252	10464.379683	5672.274979	4561.844082	2390.898084	2540.288072	2424.639313	2589.992768	3231.614212	3113.612173	1016.755226	1211.874093	1095.126939	1679.943940	1176.096809	1070.886222	1146.332436	1229.013746	3373.464318	2976.736408	2024.445211	1276.010600	1462.981195	1780.863039	1279.783308	974.645377	1614.668189	2823.877664	1400.296158	2502.768120	575.710749	158.786043	147.460262	282.783616	114.682298	110.332069	80.419007	95.868061	76.456710	86.881876	99.871226	72.633114	93.563865	163.938276	234.251491	407.459999	754.664513	668.124219	604.899762	232.488137	458.830295	796.818401	1020.214150	821.795338	231.706870	186.906378	167.309618	173.814418	224.497130	122.812342	216.441577	223.760167	72.304834	173.922136	102.836268	73.327473	94.042033	109.066916	127.330160	311.760705	382.109302	669.283523	984.687696	572.980804	307.883601	409.954012	1036.933941	1561.377369	1796.157222	1214.946127	541.807412	421.782478	222.839654	281.276017	214.413604	310.328573	520.832206	1003.123073	1593.547735	1216.985549	1048.984090	247.707695	150.826202	85.190691	73.912607	86.169052	
583.147497	695.821738	627.608003	516.907412	545.046714	456.292711	543.620050	476.944753	1211.531088	821.595819	1173.599457	879.305207	2909.878810	3107.063164	3959.124208	4191.079651	2968.192855	4935.732539	6509.575121	7238.760730	6337.779243	6859.760007	7475.760895	25014.651872	42806.795252	146986.523899	36526.036265	15235.302834	8223.775618	3411.440545	3566.953794	3426.830978	3336.255354	4528.113909	4280.337949	1311.331699	1505.994585	1302.016019	1946.807123	1562.790466	1337.004704	1427.163305	1587.577905	3464.182536	3054.921595	2175.747355	1515.342520	1814.476466	1980.555004	1443.383704	1167.100251	1663.849042	2774.277674	1642.751811	2202.247040	688.029882	201.113668	180.058515	303.304432	130.081457	115.476507	96.635831	116.650140	99.343643	128.881028	121.832695	92.289366	133.912530	206.633264	267.868822	450.186132	744.051094	801.784795	709.576761	293.080536	464.788793	859.280763	983.497069	821.074215	225.811152	221.165590	215.362012	212.815380	230.632685	132.192806	256.173761	218.618666	89.525222	190.351063	111.194091	81.071990	91.435171	151.486253	175.289357	412.117916	529.554626	697.637001	923.589216	609.874726	295.010886	445.948903	1056.502670	1333.350495	1531.888193	1020.199943	673.909501	432.581730	252.736958	310.435616	281.007632	349.433365	613.148108	1113.495362	1279.220705	993.370766	889.211871	296.569875	172.943989	92.499323	64.813321	92.292656	
861.688329	826.549732	815.086256	708.053453	724.148456	746.818274	794.998910	889.142748	1286.388317	1307.532748	1734.459129	1705.231278	2877.155976	2809.272659	2852.003379	3020.502181	3321.105595	3845.473080	4724.704602	5535.214980	6261.453731	6386.946435	6307.517048	11179.068871	10464.379683	36526.036265	145957.224316	51819.507322	11307.364216	5607.779936	5259.898951	4951.166010	4844.543069	5141.507410	4173.943022	2729.023508	2645.472896	2020.218486	2106.368700	2188.788347	2122.214639	2109.447314	2269.633492	2352.163772	1950.874592	1961.184477	2000.202230	1873.020815	1782.865593	1572.323823	1842.135486	2070.779633	1246.592651	534.831503	1247.181089	1273.475461	489.942393	401.269640	433.331858	287.450313	259.095055	173.706712	189.713389	146.270763	225.396057	193.659162	192.915832	234.241757	313.711625	555.582411	715.068896	797.857509	770.489179	707.892132	596.619275	779.559892	713.064353	778.782563	710.967697	501.244394	388.238536	316.045025	330.897580	340.265824	227.394464	311.641382	242.904680	184.108211	221.514233	199.660420	175.907033	219.811558	276.634692	396.458793	548.205082	674.682352	805.062470	679.475225	775.196023	616.523847	695.302605	791.745529	766.664833	716.882723	790.910603	797.008660	539.735474	420.481945	422.578910	425.544739	484.378594	686.253320	751.995435	480.799656	451.146432	519.491146	510.151419	298.135280	202.428272	122.143128	177.661448	
1050.955525	921.346513	879.990254	760.444804	789.814120	802.364594	963.906053	1087.557568	1365.561995	1580.369448	1908.063276	2199.468898	2700.109512	2274.453295	2351.207148	2732.582879	3160.804875	3264.074440	3779.530875	4206.109382	4901.083914	4849.536772	4758.998821	6109.199653	5672.274979	15235.302834	51819.507322	150323.015822	25679.996805	8604.888567	8286.194323	7511.037337	7031.623222	7186.463765	4912.171794	3792.909413	3466.353517	2713.440549	2277.145119	2337.736104	2571.577846	2440.469968	2659.541965	2155.297500	1932.364231	1748.224686	2161.151368	1894.901025	1629.808472	1668.808009	2069.975000	2002.978498	1015.734536	444.776078	979.524235	1636.875284	714.831112	536.448456	480.928287	406.030302	357.934197	280.814168	291.266350	227.985391	282.109286	276.747960	308.694231	306.676677	358.238053	689.180153	762.136568	693.555663	667.817324	695.613037	820.321851	752.893706	616.326149	635.304137	632.924940	616.650028	478.783570	440.652783	447.618609	370.790305	303.043163	341.282167	316.804636	248.985123	232.641111	255.116202	271.906874	278.627586	354.791340	535.289030	621.525698	672.665176	800.530427	654.868047	709.434982	708.980686	785.477104	797.426563	666.744227	535.409874	715.209782	786.361890	564.330600	492.586458	485.890429	497.317662	520.803608	641.641307	584.986648	421.758966	384.238094	423.104848	618.582845	372.517662	267.531942	154.947288	190.330751	
