360607.264960	23360.110727	13160.980718	3461.700466	1681.277757	1240.353035	550.465101	890.615732	118.681098	0.000000	402.051835	557.794503	341.535169	632.984081	89.295038	272.919002	182.259356	351.806752	1080.964008	1175.847626	719.156779	691.993365	959.808454	2548.861861	1133.072345	943.643592	460.192233	0.000000	261.851812	164.445269	262.672798	0.000000	174.710053	103.343881	1169.384635	348.409153	1387.480657	1364.816615	1125.478311	314.580342	205.347676	160.847557	84.102807	74.922276	0.000000	182.469749	173.548824	0.000000	90.126408	0.000000	94.326469	0.000000	260.093993	0.000000	0.000000	171.898568	344.798789	538.379790	267.316539	428.013325	176.499562	474.987555	1092.368444	1759.596682	1777.694961	2611.782176	3241.168600	2868.252705	488.476065	260.037558	369.279296	
23360.110727	336814.034598	34694.251398	5669.086931	1956.135575	979.265304	898.163245	843.775016	468.496782	500.546820	333.293160	176.152688	229.197254	259.867031	324.294970	373.483067	215.842094	236.090303	701.706497	649.836559	780.694879	614.623988	1074.661122	1945.261968	894.566629	1061.641564	363.324210	285.608933	124.040037	246.677784	317.985071	213.646979	110.347611	473.225146	1040.738060	673.923645	1283.210201	2155.059922	1260.155377	372.544274	405.307700	101.592000	212.478761	59.151535	91.249315	86.436501	137.017718	61.654130	99.617389	13.970442	89.365497	108.809483	109.517647	85.799238	40.616849	298.572630	204.165355	311.706048	351.746377	378.469047	334.433617	162.502252	490.922081	2255.424786	2120.843849	2109.600871	2994.883927	2449.015608	694.178003	246.361238	408.167150	
13160.980718	34694.251398	241230.715098	54849.176845	11226.785199	4798.973583	2565.242060	1879.053414	1242.618057	862.651007	1071.792473	417.159655	624.143489	619.990732	564.410383	783.514633	560.617168	768.102407	2025.406859	1619.297884	1852.071883	1706.992540	2606.026974	3292.339111	2435.327688	2316.374574	1190.146560	718.968591	551.698746	656.577140	709.740355	522.273590	946.238505	2021.957381	2618.525553	2292.559899	2247.466006	2969.338192	2658.437928	1369.856777	1258.316482	486.995078	482.896243	300.044332	205.139892	193.691217	175.847963	177.092982	221.778077	140.875477	154.742235	160.010622	167.326771	196.632824	213.060786	727.806209	811.029636	1030.411809	1117.826225	877.692913	851.608530	1056.142425	2053.532663	3261.172460	2944.893430	2820.869287	2997.399184	2952.381689	1692.248371	656.615074	855.248987	
3461.700466	5669.086931	54849.176845	215223.729763	47058.017065	14717.238513	4569.230727	3376.777843	2210.201670	1848.702728	1913.787161	1062.052069	1348.072888	1119.901614	1058.324048	1319.543726	1371.530630	1847.724596	2405.061277	2507.162903	2365.485423	2655.494567	2676.841211	1825.586902	2357.926726	2226.969633	2089.133709	1674.071288	1240.826006	1130.176031	1323.389196	1385.563596	1827.714373	2382.229611	2181.046265	2320.891668	1792.644143	1339.134995	1887.926669	2225.937704	1742.963533	1226.748616	891.529514	674.799314	476.861059	462.584203	402.840371	401.794302	420.329751	357.740794	378.369762	341.835528	380.228355	501.797470	724.567071	1042.574013	1237.399208	1130.666086	1294.362498	1447.673860	1501.880547	1953.575287	3110.849279	1682.904137	1949.093548	1416.219576	1064.495835	1571.547113	2301.135414	1380.578479	1173.175502	
1681.277757	1956.135575	11226.785199	47058.017065	195511.024639	80950.923800	7081.070413	4890.033774	3449.390380	2826.214621	2535.615889	1710.874940	1905.548413	1468.389955	1474.118606	1592.363544	1928.255507	2558.784813	2081.628264	2323.737700	2069.880228	2467.686133	1994.913350	1214.559972	1716.246747	1484.430135	2109.554739	2122.563433	1504.402489	1461.232398	1450.463869	1878.431401	2064.072705	1829.668860	1421.271690	1840.537351	1307.913942	729.064561	1176.968701	2103.630226	1563.313139	1513.926654	1055.186403	976.571560	697.626913	612.934394	593.763810	514.175714	504.572912	530.894995	474.826909	537.471338	579.135905	739.285458	1103.667388	1052.031660	1158.214106	975.510237	1061.670933	1488.532133	1629.997528	1956.912415	2334.472867	884.568914	1010.365347	695.052972	534.203603	981.063148	1907.301951	1609.283488	1054.909725	
1240.353035	979.265304	4798.973583	14717.238513	80950.923800	192588.360879	35844.285069	16974.514831	6222.929738	3720.858541	3488.814386	1805.165399	2020.169989	1670.640393	1509.292177	2135.630018	1917.736896	2316.892193	2924.292446	2579.615126	2248.991824	2343.898286	2032.261515	1517.260367	1694.413581	1807.797018	1873.585119	1738.919157	1453.346065	1454.552191	1537.184474	1418.759385	1688.895072	1920.038729	1399.328942	1467.848009	1005.401984	813.474296	1116.891267	1608.854914	1613.187505	1316.193535	1066.148623	880.672516	618.784614	549.212975	499.081259	450.454598	479.067587	418.369156	390.675334	400.089305	473.927739	529.978217	910.099961	1271.148562	1348.567987	1266.878750	1513.559442	1482.767536	1552.296168	1657.978449	1771.114069	907.718869	894.260314	680.503609	469.006910	878.185028	1472.714076	1154.039804	1024.798353	
550.465101	898.163245	2565.242060	4569.230727	7081.070413	35844.285069	194277.421299	63133.895711	16996.004641	8516.336988	7438.944856	3060.610303	3480.282914	2499.680688	2243.363778	3316.349904	3442.321173	3768.213423	3875.501739	2870.085461	2422.546000	2624.569631	1921.134905	1581.701128	1851.960940	1745.035741	1918.686444	2222.882314	1996.245424	2046.919314	2096.330932	2028.993437	2237.095782	2078.486416	1373.359883	1141.671231	982.365416	749.734651	930.941638	1589.539383	1720.672118	1761.944474	1593.034189	1271.205458	1052.587781	883.526075	767.146061	626.076144	688.575339	567.108664	585.890674	740.147504	713.996091	896.780894	1213.188052	1604.983447	1610.514857	1648.872806	1645.355027	1786.221174	1683.842995	1821.547096	1756.705674	790.794451	724.165531	557.165335	481.202526	865.377262	1667.287162	1480.145364	1315.400742	
890.615732	843.775016	1879.053414	3376.777843	4890.033774	16974.514831	63133.895711	170334.076109	56631.498583	15184.711790	10417.291717	3531.346549	4110.626212	3020.766125	2602.968631	3988.576470	3532.622011	3660.494898	3856.625304	2754.245479	2285.904149	2145.028192	1832.183115	1519.549744	1612.724862	1713.531949	1636.842962	2122.361450	2079.652071	2030.337837	2022.536879	1843.525338	1812.859129	1648.773322	1229.689113	991.518289	817.480904	642.091483	814.396953	1351.822593	1610.212504	1486.621876	1601.760452	1323.914496	1069.159521	873.989093	828.980363	655.089203	696.062860	627.534952	587.260770	702.213549	732.595408	914.332696	1143.477543	1784.438685	1565.461188	1571.430963	1657.245693	1636.322241	1571.009554	1601.986082	1580.475918	664.348563	659.837641	503.138380	420.460945	760.912579	1313.135300	1297.892571	1280.495207	
118.681098	468.496782	1242.618057	2210.201670	3449.390380	6222.929738	16996.004641	56631.498583	200226.148942	43263.235155	18585.624445	5881.572937	5717.523599	3391.227476	3028.111272	4123.081565	4168.782349	3842.779103	2586.856693	2032.463928	1696.143592	1797.506550	1298.036818	941.943371	1040.522262	1005.304848	1401.088790	2114.920773	1958.337079	1999.918471	1863.331224	1946.255488	1606.740643	1223.002592	736.834831	741.233062	664.019899	422.025973	541.069870	1145.721703	1138.636834	1576.286661	1551.239843	1507.886702	1381.770138	1067.990541	944.494041	775.817855	786.633915	701.819214	749.438355	875.646030	967.031303	1187.981605	1354.782776	1307.291097	1161.734079	1134.450154	1065.938568	1334.981517	1326.423538	1416.463684	1256.502648	401.220251	408.180541	305.579096	228.040121	496.325651	1075.900877	1448.563366	1222.887074	
0.000000	500.546820	862.651007	1848.702728	2826.214621	3720.858541	8516.336988	15184.711790	43263.235155	210289.627046	59990.251950	8498.417694	7991.492189	4508.629178	3605.080085	4441.322411	4517.705555	4086.366968	2492.053929	1982.036304	1565.622654	1616.804775	1130.767918	799.571279	896.991781	957.611822	1307.611764	1970.213424	1927.125460	1890.924697	1766.266787	1855.502271	1402.796193	958.034716	637.082857	679.659850	568.100233	365.822034	512.138109	1023.499383	1061.648931	1406.191416	1415.157704	1385.002763	1390.255662	1123.536017	968.647739	761.423901	748.987333	752.257563	755.433445	956.811783	951.149618	1122.704195	1343.989695	1127.986717	1050.890063	1016.406256	980.005982	1121.089903	1177.541602	1240.872030	1052.074162	346.340934	346.716481	231.431607	181.084104	421.018592	947.201729	1113.792269	1033.082276	
402.051835	333.293160	1071.792473	1913.787161	2535.615889	3488.814386	7438.944856	10417.291717	18585.624445	59990.251950	198014.571756	23417.400926	16320.017045	6938.695310	5201.915299	6955.131235	6125.073086	5007.015613	3371.142840	2443.517235	1940.729593	1955.813640	1339.302793	996.318158	1223.875691	1170.687491	1548.789617	2293.023052	2218.354904	2189.826284	2159.635879	2079.760416	1684.588018	1236.870633	762.712433	776.418025	699.190938	458.577482	569.464425	1096.858077	1253.405931	1625.234587	1641.984366	1600.389563	1535.496121	1373.608104	1225.329879	949.076273	996.380478	906.961755	1020.255278	1182.625543	1084.767294	1227.625148	1458.701597	1417.359558	1324.973958	1187.080768	1207.878415	1285.088853	1310.438147	1309.778405	1087.901930	353.301965	345.694763	277.363631	211.400040	414.572307	1000.406211	1293.711842	1007.583096	
557.794503	176.152688	417.159655	1062.052069	1710.874940	1805.165399	3060.610303	3531.346549	5881.572937	8498.417694	23417.400926	272889.019500	48966.657177	8175.490534	5952.425518	5586.819780	5417.773315	3867.907437	1811.394721	1548.729093	1160.517596	1194.955659	805.355597	438.864037	652.467101	558.588551	1093.804915	1387.340516	1297.942991	1252.440592	1217.500478	1414.810128	1019.701912	561.088853	346.308238	472.907758	367.687091	247.001688	320.960918	742.489464	582.226563	1101.322966	986.812094	1109.600962	1093.164226	949.411183	803.534309	661.893032	603.502965	677.849336	691.375873	961.319618	930.965172	915.095262	1225.893197	728.488923	655.210201	544.011305	537.537713	686.820566	734.678087	833.356404	664.051029	227.908982	178.735309	112.108799	90.521603	163.417361	663.025408	886.316616	601.482627	
341.535169	229.197254	624.143489	1348.072888	1905.548413	2020.169989	3480.282914	4110.626212	5717.523599	7991.492189	16320.017045	48966.657177	185565.425664	52523.675645	25351.718219	15653.958750	8921.814945	6039.335204	2608.624785	2068.481311	1667.704510	1532.025947	1043.439393	705.130536	882.710932	857.231883	1385.359410	1983.670191	1944.093764	1707.601068	1592.816136	1752.555408	1243.878175	750.089157	488.877011	671.616898	577.475862	335.702682	372.259887	885.280441	934.850762	1320.449526	1284.551655	1409.313354	1386.707279	1293.227208	1113.011113	936.024868	929.631460	1030.257418	1016.506144	1124.725900	1110.429785	1258.604283	1492.508638	937.341264	943.256194	763.137339	708.456682	929.608705	952.650766	945.224741	841.901157	233.216683	254.445347	172.536953	136.347929	262.902077	745.176081	1020.541297	833.756816	
632.984081	259.867031	619.990732	1119.901614	1468.389955	1670.640393	2499.680688	3020.766125	3391.227476	4508.629178	6938.695310	8175.490534	52523.675645	219890.899657	56126.585020	17490.185140	8453.217717	5434.535519	2861.349389	2181.439941	1667.730248	1507.624775	1051.301966	830.279058	878.629782	875.326775	1238.727321	1621.522802	1413.747963	1403.817848	1323.475292	1260.953606	1036.955014	734.353287	526.897560	685.725545	655.388703	414.499834	416.057938	811.887497	868.762748	1126.452871	1054.772712	1143.770127	976.592046	998.069023	767.497761	745.234268	840.334309	801.929144	740.016014	732.379586	874.841695	939.873176	1199.785858	956.721928	769.495802	780.124904	685.636310	780.574633	821.628446	748.965731	761.617127	238.081918	248.802923	209.054785	141.347857	200.717691	525.676731	653.912052	533.408998	
89.295038	324.294970	564.410383	1058.324048	1474.118606	1509.292177	2243.363778	2602.968631	3028.111272	3605.080085	5201.915299	5952.425518	25351.718219	56126.585020	204606.910562	58217.584699	14234.254853	6928.386452	3325.476471	2412.109939	1820.494974	1662.350054	1161.177375	728.200324	878.381378	898.778083	1347.491217	1572.955493	1405.165217	1366.563195	1317.403343	1227.407867	1019.933044	791.435299	571.843719	722.570440	584.786818	359.468081	499.979760	887.098600	867.611524	1165.796181	1082.674990	1205.433961	918.451997	859.058929	760.912977	773.770099	776.380075	732.256732	638.570802	695.433250	883.321881	891.207385	1131.118448	866.563165	916.538097	721.838367	696.162392	797.759640	827.542539	785.925821	735.210081	205.915432	266.100936	197.902479	161.142509	253.400848	594.389728	767.611764	633.010303	
272.919002	373.483067	783.514633	1319.543726	1592.363544	2135.630018	3316.349904	3988.576470	4123.081565	4441.322411	6955.131235	5586.819780	15653.958750	17490.185140	58217.584699	180265.444359	48585.381011	13802.174730	8327.519342	4234.233330	3246.838078	2699.527626	1950.486133	1691.704717	1651.943591	1803.481439	1602.821652	1933.015707	1990.629405	2094.431169	1972.749684	1483.882027	1293.501849	1404.174558	990.506504	858.696990	796.642758	675.070922	672.455518	1054.654230	1387.999098	1322.219562	1597.020373	1367.406159	1099.785122	959.580112	895.591211	743.746837	947.921610	646.779963	698.829464	769.520537	786.470871	932.011926	1035.111518	1533.143204	1297.596979	1381.638716	1254.546787	1264.184998	1103.574966	1046.043266	927.601206	474.561808	371.185287	353.825629	278.735649	501.692420	702.640721	758.157158	717.570727	
182.259356	215.842094	560.617168	1371.530630	1928.255507	1917.736896	3442.321173	3532.622011	4168.782349	4517.705555	6125.073086	5417.773315	8921.814945	8453.217717	14234.254853	48585.381011	192257.504143	59720.282753	8688.699066	4615.266702	3186.867454	2975.276566	1879.028202	1113.695992	1406.062739	1322.970748	2065.486125	2744.499269	2427.623371	2239.042020	2055.538306	2354.118929	1717.595015	1026.680398	620.263715	811.243714	727.687887	387.642021	541.512769	1164.210449	1089.846846	1731.912260	1428.189191	1553.626679	1420.629185	1210.308017	1171.661660	924.357776	850.068599	880.717111	908.276572	1067.978044	1102.271931	1229.054220	1529.566878	1162.214653	1039.865405	918.846610	851.856183	1160.058672	1111.563969	1221.055191	1053.423194	302.977679	281.301825	243.550309	168.002666	333.990645	959.008804	1132.787165	826.172600	
351.806752	236.090303	768.102407	1847.724596	2558.784813	2316.892193	3768.213423	3660.494898	3842.779103	4086.366968	5007.015613	3867.907437	6039.335204	5434.535519	6928.386452	13802.174730	59720.282753	206715.795549	24592.709211	8401.593574	5231.393384	4703.860676	2935.629612	1424.388584	2168.306556	1855.785717	2923.209984	3678.646860	2932.441374	2559.833435	2232.045042	2582.624444	2367.307441	1565.939060	922.218544	1163.244444	984.178141	513.387378	795.134900	1510.366075	1402.453760	1951.503106	1500.782101	1594.943710	1283.921860	1107.352441	998.737519	891.379579	853.858129	917.330644	920.566682	1010.250567	1077.851595	1224.957558	1695.620771	1273.749514	1294.679243	1013.977349	1067.098769	1369.580587	1402.698717	1419.438726	1326.808350	369.206888	409.586411	288.565803	200.967042	414.297029	1143.017054	1216.957736	850.050328	
1080.964008	701.706497	2025.406859	2405.061277	2081.628264	2924.292446	3875.501739	3856.625304	2586.856693	2492.053929	3371.142840	1811.394721	2608.624785	2861.349389	3325.476471	8327.519342	8688.699066	24592.709211	191611.924269	42589.993708	17681.361068	12129.236083	7643.782247	7070.136299	6098.712134	6704.928960	3899.887650	2767.999440	2526.087413	2375.335885	2629.544561	1619.300126	2127.590444	3309.028821	3247.886730	1938.142866	1713.467283	2012.996008	1982.951661	1791.843341	2518.028528	1428.077734	1685.680561	958.619046	634.844100	561.743531	550.060376	521.397685	790.232154	414.888264	417.817682	358.047421	416.686711	601.127907	776.303531	2187.134841	2077.057474	2310.149084	2466.532734	1917.005710	1703.457506	1519.862411	1746.403670	1374.086168	1246.952357	976.032014	940.273140	1542.745579	1272.837836	754.377082	731.515718	
1175.847626	649.836559	1619.297884	2507.162903	2323.737700	2579.615126	2870.085461	2754.245479	2032.463928	1982.036304	2443.517235	1548.729093	2068.481311	2181.439941	2412.109939	4234.233330	4615.266702	8401.593574	42589.993708	161826.140275	72057.519170	24880.191864	9748.909253	6218.237067	6047.482982	5453.849594	4504.256812	3465.835743	2381.834042	2369.193491	2376.311446	1850.656155	2240.284640	2938.362517	2382.730947	1903.347830	1602.704185	1324.070233	1580.890918	1944.402914	1926.984821	1465.928730	1318.191791	975.010440	670.154946	650.692616	512.208535	518.061584	673.350392	476.308944	464.821776	417.164984	488.788112	621.902170	941.368399	1598.524586	1573.036585	1650.772232	1794.147363	1579.377666	1523.472627	1443.815790	1698.151457	1043.144963	981.719710	773.923354	697.137353	1068.365354	1301.393094	816.613435	737.677011	
719.156779	780.694879	1852.071883	2365.485423	2069.880228	2248.991824	2422.546000	2285.904149	1696.143592	1565.622654	1940.729593	1160.517596	1667.704510	1667.730248	1820.494974	3246.838078	3186.867454	5231.393384	17681.361068	72057.519170	160107.226587	51693.850575	13623.042468	9891.548690	8037.626788	7108.915815	4579.660543	3213.090583	2200.394610	2139.149924	2204.739773	1633.792992	2141.038476	3000.117727	2940.428988	2039.999643	1777.702155	1693.606261	1910.889335	1705.826614	1899.600660	1251.813217	1253.477015	917.794045	550.597664	485.190101	474.967400	476.793681	571.298899	417.186796	416.344811	391.086045	404.588963	508.026855	792.764452	1570.119729	1477.480575	1537.990091	1791.508346	1418.977129	1301.556253	1269.926693	1602.016976	1293.096890	1164.687096	1023.501810	961.676043	1307.528248	1228.105103	715.461454	703.679270	
691.993365	614.623988	1706.992540	2655.494567	2467.686133	2343.898286	2624.569631	2145.028192	1797.506550	1616.804775	1955.813640	1194.955659	1532.025947	1507.624775	1662.350054	2699.527626	2975.276566	4703.860676	12129.236083	24880.191864	51693.850575	156652.359767	50282.246881	13684.760911	13898.330545	8665.541049	7257.506140	4953.856026	2807.257686	2689.087227	2608.008384	2205.810038	2707.393698	3259.009284	2701.074370	2100.654148	1780.091017	1590.172583	1857.856039	2021.027982	1889.323102	1540.083950	1275.368206	952.516480	694.301801	603.423710	534.957368	517.959060	532.857670	470.127335	457.093889	452.060594	503.666128	625.238296	924.850019	1470.611804	1453.930160	1521.029965	1668.824726	1499.916702	1425.765334	1557.443612	1949.483450	1127.091752	1104.065196	946.313759	804.068335	1284.973736	1533.583118	990.085195	856.739357	
959.808454	1074.661122	2606.026974	2676.841211	1994.913350	2032.261515	1921.134905	1832.183115	1298.036818	1130.767918	1339.302793	805.355597	1043.439393	1051.301966	1161.177375	1950.486133	1879.028202	2935.629612	7643.782247	9748.909253	13623.042468	50282.246881	147388.809516	53655.112436	36320.511978	17251.056015	8976.391409	4576.937599	2321.942311	2241.614618	2272.210489	1673.501020	2410.389842	3667.837792	3862.312843	2439.582346	2221.183999	2663.698324	2543.210079	1935.535747	1838.015411	1088.317583	1072.229774	707.022092	486.130794	448.560082	401.245136	389.101642	492.439236	335.639575	328.459603	331.645337	333.803780	440.979959	674.010941	1466.434638	1436.542439	1610.534497	1746.477889	1376.508497	1209.211510	1305.853417	1842.031378	1835.325140	1730.687514	1558.430502	1592.741148	1862.607632	1561.739918	790.158054	784.078414	
2548.861861	1945.261968	3292.339111	1825.586902	1214.559972	1517.260367	1581.701128	1519.549744	941.943371	799.571279	996.318158	438.864037	705.130536	830.279058	728.200324	1691.704717	1113.695992	1424.388584	7070.136299	6218.237067	9891.548690	13684.760911	53655.112436	180813.352391	50017.736698	19814.315557	5776.239110	2733.465020	1827.621212	1868.970188	2034.487008	1064.035415	1754.861723	3686.815550	4890.265190	2343.050493	3030.205939	4778.376453	3524.407388	1390.193972	1699.374002	674.330070	894.513032	509.445655	358.429308	353.147366	300.001460	268.190568	452.375102	236.780647	255.688251	202.819994	214.098054	265.248235	329.920972	1551.886652	1445.518948	1906.665108	1999.835743	1207.399091	1016.669420	960.196440	1361.814643	3092.215533	2464.958743	2735.648862	3547.666910	2912.535711	1305.023077	451.001741	532.309084	
1133.072345	894.566629	2435.327688	2357.926726	1716.246747	1694.413581	1851.960940	1612.724862	1040.522262	896.991781	1223.875691	652.467101	882.710932	878.629782	878.381378	1651.943591	1406.062739	2168.306556	6098.712134	6047.482982	8037.626788	13898.330545	36320.511978	50017.736698	153534.655847	48529.315436	21336.126597	7305.928294	3083.370128	2926.559375	2779.929584	1836.926283	2656.719088	4317.289028	4218.457740	2557.820479	2394.713394	2868.103414	2655.800544	1921.344803	1982.227282	1051.835103	976.277548	684.415609	456.166394	469.567406	377.975393	331.456992	471.894605	299.635842	337.313482	322.423048	319.692281	375.305700	567.389715	1499.440065	1450.032637	1532.409172	1693.474615	1363.698656	1136.492461	1162.362207	1683.102521	1895.662922	1683.337725	1547.678949	1479.067776	1932.568614	1415.942673	655.661507	615.022836	
943.643592	1061.641564	2316.374574	2226.969633	1484.430135	1807.797018	1745.035741	1713.531949	1005.304848	957.611822	1170.687491	558.588551	857.231883	875.326775	898.778083	1803.481439	1322.970748	1855.785717	6704.928960	5453.849594	7108.915815	8665.541049	17251.056015	19814.315557	48529.315436	173406.603684	44230.777334	11807.621490	4520.729335	3727.837341	3519.576361	2064.386589	3051.191645	5392.078647	5647.075083	2925.691749	2722.018513	3374.558485	3076.466360	1898.195170	2499.115398	981.848667	1114.741537	676.694060	448.646479	463.225111	397.405865	385.537146	551.875920	323.932952	314.066943	291.196217	273.183310	403.200165	525.036269	1637.005787	1629.679068	1781.128423	1992.666565	1413.089616	1242.884729	1175.525635	1695.822588	1888.201740	1509.349091	1445.509162	1451.758372	1876.945076	1273.715176	619.228582	708.989172	
460.192233	363.324210	1190.146560	2089.133709	2109.554739	1873.585119	1918.686444	1636.842962	1401.088790	1307.611764	1548.789617	1093.804915	1385.359410	1238.727321	1347.491217	1602.821652	2065.486125	2923.209984	3899.887650	4504.256812	4579.660543	7257.506140	8976.391409	5776.239110	21336.126597	44230.777334	188297.223768	50410.618490	7982.790473	5758.596292	4498.950977	3936.320097	4070.295648	4055.092840	2770.344353	2581.984751	1912.828904	1319.022742	1689.624685	2377.474106	2190.187937	1814.827740	1377.969925	1163.415851	811.078873	749.228418	691.868585	627.306907	730.257262	630.576129	592.464525	613.909210	705.067243	741.901725	1140.265008	1335.502120	1381.436834	1169.167029	1337.535541	1358.235313	1295.701825	1421.565677	1636.876953	760.361274	916.220624	685.941591	501.864601	912.565106	1505.371382	1083.687037	828.897673	
0.000000	285.608933	718.968591	1674.071288	2122.563433	1738.919157	2222.882314	2122.361450	2114.920773	1970.213424	2293.023052	1387.340516	1983.670191	1621.522802	1572.955493	1933.015707	2744.499269	3678.646860	2767.999440	3465.835743	3213.090583	4953.856026	4576.937599	2733.465020	7305.928294	11807.621490	50410.618490	176625.790987	46109.621231	20422.752145	9260.625339	8449.738919	6035.506987	3522.449332	1919.181503	2116.092901	1587.906502	859.908278	1220.931091	2331.877897	1960.700395	2506.732484	1808.972665	1822.979204	1532.679677	1300.318938	1113.880180	982.788458	889.089749	956.874293	957.762114	1213.224247	1181.546917	1171.782357	1742.020126	1355.491505	1342.578203	1109.190138	1172.854976	1415.413134	1487.954971	1668.833900	1584.287078	510.055533	594.312456	417.345796	345.536489	547.238139	1402.405161	1463.895941	1047.465758	
261.851812	124.040037	551.698746	1240.826006	1504.402489	1453.346065	1996.245424	2079.652071	1958.337079	1927.125460	2218.354904	1297.942991	1944.093764	1413.747963	1405.165217	1990.629405	2427.623371	2932.441374	2526.087413	2381.834042	2200.394610	2807.257686	2321.942311	1827.621212	3083.370128	4520.729335	7982.790473	46109.621231	205612.449027	53404.253757	15293.273616	9778.631830	5228.897358	3348.085269	1961.895739	1829.464742	1472.543367	906.540144	1001.584662	1890.884483	2060.570704	2204.679937	1964.943922	1732.065106	1542.257106	1297.030875	1180.375333	933.265668	1007.321796	962.148334	1020.428686	1074.135310	1041.842176	1309.695575	1521.676163	1420.668901	1262.065812	1151.969208	1142.270099	1263.829529	1301.245165	1446.027041	1265.176000	467.042684	456.820180	307.236692	294.629121	545.527956	984.016017	1155.351107	955.146494	
164.445269	246.677784	656.577140	1130.176031	1461.232398	1454.552191	2046.919314	2030.337837	1999.918471	1890.924697	2189.826284	1252.440592	1707.601068	1403.817848	1366.563195	2094.431169	2239.042020	2559.833435	2375.335885	2369.193491	2139.149924	2689.087227	2241.614618	1868.970188	2926.559375	3727.837341	5758.596292	20422.752145	53404.253757	185952.475130	50120.929640	16787.670938	6918.960871	4588.469567	2625.198216	1998.346496	1597.784591	1048.157977	1245.573660	2206.441793	2603.026184	2630.375322	2479.970631	1998.728204	1649.571394	1397.872878	1241.564388	1061.783881	1023.444943	931.533149	917.640181	1065.467887	1043.105862	1261.936930	1556.959030	1589.743732	1419.607371	1289.437741	1355.739054	1482.090624	1391.374032	1429.053676	1262.798394	470.334283	508.492817	417.159376	314.906335	523.341211	1075.512474	1235.577153	952.301525	
262.672798	317.985071	709.740355	1323.389196	1450.463869	1537.184474	2096.330932	2022.536879	1863.331224	1766.266787	2159.635879	1217.500478	1592.816136	1323.475292	1317.403343	1972.749684	2055.538306	2232.045042	2629.544561	2376.311446	2204.739773	2608.008384	2272.210489	2034.487008	2779.929584	3519.576361	4498.950977	9260.625339	15293.273616	50120.929640	187098.577642	51475.714382	11876.974647	7495.158431	4026.694396	2819.198164	2140.662336	1545.010195	1760.448615	2683.241930	3073.323477	2858.163173	2737.247111	2110.677664	1562.727651	1381.444123	1182.432764	994.611292	1213.600207	947.570812	950.384153	1013.064947	1013.911398	1188.596212	1407.091916	1739.285061	1677.418961	1485.261445	1577.022381	1674.717597	1409.784394	1491.791191	1408.390350	665.515183	708.888486	569.789457	472.884599	736.357492	1261.861342	1230.383328	1003.600425	
0.000000	213.646979	522.273590	1385.563596	1878.431401	1418.759385	2028.993437	1843.525338	1946.255488	1855.502271	2079.760416	1414.810128	1752.555408	1260.953606	1227.407867	1483.882027	2354.118929	2582.624444	1619.300126	1850.656155	1633.792992	2205.810038	1673.501020	1064.035415	1836.926283	2064.386589	3936.320097	8449.738919	9778.631830	16787.670938	51475.714382	187480.733890	54423.666631	9836.750457	3314.530739	3018.235369	2169.563354	1176.517694	1511.196372	3213.901271	2621.284151	3738.504959	2491.758034	2387.870005	2038.399242	1607.419405	1444.179877	1171.693546	1027.820222	1189.391660	1249.637155	1456.266492	1430.221349	1481.599339	1875.366331	1360.853472	1342.113392	1090.702034	1111.797521	1419.667987	1404.165113	1692.091877	1593.575471	463.476246	519.306889	379.249619	338.443583	540.971932	1456.287832	1623.553615	1170.816684	
174.710053	110.347611	946.238505	1827.714373	2064.072705	1688.895072	2237.095782	1812.859129	1606.740643	1402.796193	1684.588018	1019.701912	1243.878175	1036.955014	1019.933044	1293.501849	1717.595015	2367.307441	2127.590444	2240.284640	2141.038476	2707.393698	2410.389842	1754.861723	2656.719088	3051.191645	4070.295648	6035.506987	5228.897358	6918.960871	11876.974647	54423.666631	182294.734672	47442.501072	12353.438120	6449.898175	4163.744440	2462.780481	3013.967676	4726.231811	3980.935889	3843.856693	2583.920007	2066.863755	1499.056285	1229.993698	1038.690907	901.563583	953.648043	932.004461	972.246442	1068.499867	1027.128164	1088.309140	1564.228638	1712.524834	1672.723716	1502.170574	1503.502185	1725.028107	1761.696806	1824.151127	2029.105731	810.656330	797.753807	668.119734	539.837247	1015.668994	1773.963592	1466.656612	1128.618796	
103.343881	473.225146	2021.957381	2382.229611	1829.668860	1920.038729	2078.486416	1648.773322	1223.002592	958.034716	1236.870633	561.088853	750.089157	734.353287	791.435299	1404.174558	1026.680398	1565.939060	3309.028821	2938.362517	3000.117727	3259.009284	3667.837792	3686.815550	4317.289028	5392.078647	4055.092840	3522.449332	3348.085269	4588.469567	7495.158431	9836.750457	47442.501072	170193.870209	48848.159464	13654.578584	7935.410189	6707.684162	6589.198650	6145.055263	5911.071991	2986.063259	2584.045372	1556.701182	936.542447	817.805729	696.355526	622.316838	813.913641	550.801591	550.324670	528.541336	462.213204	627.557786	932.454537	2244.997584	2225.525744	2276.555579	2528.611899	2027.370600	1891.808359	1948.333049	2462.483804	1818.576843	1643.593200	1364.126940	1135.071250	1854.597112	1903.205015	1012.385733	932.778012	
1169.384635	1040.738060	2618.525553	2181.046265	1421.271690	1399.328942	1373.359883	1229.689113	736.834831	637.082857	762.712433	346.308238	488.877011	526.897560	571.843719	990.506504	620.263715	922.218544	3247.886730	2382.730947	2940.428988	2701.074370	3862.312843	4890.265190	4218.457740	5647.075083	2770.344353	1919.181503	1961.895739	2625.198216	4026.694396	3314.530739	12353.438120	48848.159464	170216.444509	40766.569171	17922.345583	16755.849292	13109.326540	7251.716047	6533.896566	2278.347741	2239.462947	1107.762770	700.483188	650.350384	543.729650	497.406800	806.169744	396.720396	395.841455	356.524226	348.876683	443.559171	608.246924	2222.422127	2044.559726	2554.365100	2687.185814	1886.706004	1602.103608	1526.366679	2248.107166	2762.066856	2235.760533	2082.352102	2119.941650	2810.380345	1563.534083	747.430680	719.646959	
348.409153	673.923645	2292.559899	2320.891668	1840.537351	1467.848009	1141.671231	991.518289	741.233062	679.659850	776.418025	472.907758	671.616898	685.725545	722.570440	858.696990	811.243714	1163.244444	1938.142866	1903.347830	2039.999643	2100.654148	2439.582346	2343.050493	2557.820479	2925.691749	2581.984751	2116.092901	1829.464742	1998.346496	2819.198164	3018.235369	6449.898175	13654.578584	40766.569171	163039.820509	62908.444097	21855.447195	21402.027715	15314.886582	6263.633477	3272.863709	2160.505274	1484.965619	897.453654	729.672987	691.547066	635.595132	794.671455	575.087436	510.041095	433.303971	560.264212	631.304013	931.298560	1503.536125	1492.488342	1485.145349	1703.963596	1463.604091	1494.730934	1549.659289	2268.619597	1872.083180	2092.347871	1653.165032	1465.556480	1843.329500	1687.844043	906.353263	770.527937	
1387.480657	1283.210201	2247.466006	1792.644143	1307.913942	1005.401984	982.365416	817.480904	664.019899	568.100233	699.190938	367.687091	577.475862	655.388703	584.786818	796.642758	727.687887	984.178141	1713.467283	1602.704185	1777.702155	1780.091017	2221.183999	3030.205939	2394.713394	2722.018513	1912.828904	1587.906502	1472.543367	1597.784591	2140.662336	2169.563354	4163.744440	7935.410189	17922.345583	62908.444097	171603.774369	46303.569698	27472.523184	13872.390156	6039.527126	2709.304957	2001.209262	1309.766750	834.424892	711.903773	630.594837	551.596588	718.710578	543.386379	464.061243	412.694111	489.720990	560.082471	729.708598	1407.649903	1341.533103	1447.448215	1542.432395	1259.757230	1220.203826	1243.924403	1706.726943	2493.960418	2358.462414	2345.041420	2741.892004	2058.643335	1440.856583	772.049035	647.145228	
1364.816615	2155.059922	2969.338192	1339.134995	729.064561	813.474296	749.734651	642.091483	422.025973	365.822034	458.577482	247.001688	335.702682	414.499834	359.468081	675.070922	387.642021	513.387378	2012.996008	1324.070233	1693.606261	1590.172583	2663.698324	4778.376453	2868.103414	3374.558485	1319.022742	859.908278	906.540144	1048.157977	1545.010195	1176.517694	2462.780481	6707.684162	16755.849292	21855.447195	46303.569698	175665.707756	63216.324409	17156.304489	7623.110550	2140.025454	1995.283011	975.201698	623.686965	636.613689	476.240954	403.440600	590.178844	377.540859	353.142129	305.145795	325.745818	379.152109	444.118618	1497.023807	1441.237434	1777.197144	1980.052283	1095.840662	954.465924	1055.915381	1537.984344	3870.908740	3334.318821	3739.226849	4339.575024	3419.760145	1392.225397	546.668982	631.796033	
1125.478311	1260.155377	2658.437928	1887.926669	1176.968701	1116.891267	930.941638	814.396953	541.069870	512.138109	569.464425	320.960918	372.259887	416.057938	499.979760	672.455518	541.512769	795.134900	1982.951661	1580.890918	1910.889335	1857.856039	2543.210079	3524.407388	2655.800544	3076.466360	1689.624685	1220.931091	1001.584662	1245.573660	1760.448615	1511.196372	3013.967676	6589.198650	13109.326540	21402.027715	27472.523184	63216.324409	165416.245154	42696.415572	10404.830648	3514.359517	2664.442921	1423.494648	853.233656	758.185362	681.749156	578.106454	735.011497	487.561059	438.386778	412.718739	463.373056	483.024043	654.671741	1715.747508	1705.484729	1836.892778	2067.652662	1481.489624	1260.707851	1396.348677	2137.663514	3102.757241	2866.537362	2782.268478	2744.370585	2803.603613	1861.577029	777.875796	704.885600	
314.580342	372.544274	1369.856777	2225.937704	2103.630226	1608.854914	1589.539383	1351.822593	1145.721703	1023.499383	1096.858077	742.489464	885.280441	811.887497	887.098600	1054.654230	1164.210449	1510.366075	1791.843341	1944.402914	1705.826614	2021.027982	1935.535747	1390.193972	1921.344803	1898.195170	2377.474106	2331.877897	1890.884483	2206.441793	2683.241930	3213.901271	4726.231811	6145.055263	7251.716047	15314.886582	13872.390156	17156.304489	42696.415572	158191.236652	53263.202436	19633.528529	6506.012905	3891.711228	2171.139511	1735.139521	1492.363283	1234.111939	1305.474630	1011.407295	925.851021	965.625767	963.798793	1143.096133	1629.239073	2093.712285	2124.007078	1929.373423	1978.093454	2067.066278	2014.641940	2345.907324	2751.618666	1406.833534	1468.344255	1167.121391	963.854716	1470.086619	2174.596731	1574.772406	1162.139886	
205.347676	405.307700	1258.316482	1742.963533	1563.313139	1613.187505	1720.672118	1610.212504	1138.636834	1061.648931	1253.405931	582.226563	934.850762	868.762748	867.611524	1387.999098	1089.846846	1402.453760	2518.028528	1926.984821	1899.600660	1889.323102	1838.015411	1699.374002	1982.227282	2499.115398	2190.187937	1960.700395	2060.570704	2603.026184	3073.323477	2621.284151	3980.935889	5911.071991	6533.896566	6263.633477	6039.527126	7623.110550	10404.830648	53263.202436	183666.137948	43396.734892	11849.324552	5159.797494	2450.391133	1983.642926	1539.778982	1325.880970	1722.355780	1012.916595	991.912785	924.928407	919.395492	1228.876583	1577.656185	2966.287254	2734.676212	2664.335019	2744.738430	2467.640591	2243.103742	2199.420244	2504.368524	1494.161346	1375.220079	1121.036103	961.087780	1577.157214	1774.788130	1272.436771	1150.211635	
160.847557	101.592000	486.995078	1226.748616	1513.926654	1316.193535	1761.944474	1486.621876	1576.286661	1406.191416	1625.234587	1101.322966	1320.449526	1126.452871	1165.796181	1322.219562	1731.912260	1951.503106	1428.077734	1465.928730	1251.813217	1540.083950	1088.317583	674.330070	1051.835103	981.848667	1814.827740	2506.732484	2204.679937	2630.375322	2858.163173	3738.504959	3843.856693	2986.063259	2278.347741	3272.863709	2709.304957	2140.025454	3514.359517	19633.528529	43396.734892	201234.627516	39000.889805	15357.830644	6495.576680	3978.077064	3308.093378	2456.123220	1981.726619	1876.944791	1675.343727	2042.359417	2107.683947	2063.778249	2715.408743	2378.795169	2200.535885	1923.059894	1805.822685	2279.109671	2020.291931	2233.019618	1859.334421	552.773472	718.134221	478.805106	370.664352	677.286207	1827.798445	2056.713501	1419.684489	
84.102807	212.478761	482.896243	891.529514	1055.186403	1066.148623	1593.034189	1601.760452	1551.239843	1415.157704	1641.984366	986.812094	1284.551655	1054.772712	1082.674990	1597.020373	1428.189191	1500.782101	1685.680561	1318.191791	1253.477015	1275.368206	1072.229774	894.513032	976.277548	1114.741537	1377.969925	1808.972665	1964.943922	2479.970631	2737.247111	2491.758034	2583.920007	2584.045372	2239.462947	2160.505274	2001.209262	1995.283011	2664.442921	6506.012905	11849.324552	39000.889805	195534.711279	65305.999367	10237.138631	5717.691625	4342.630663	3045.097704	2821.652704	1971.658982	1756.273094	2007.296214	1935.192861	2336.937484	2640.751324	3227.957252	2720.669848	2566.839869	2475.222450	2324.193323	1981.068164	1918.972815	1559.181198	704.216893	717.748252	654.210117	529.566160	731.459282	1412.010121	1404.168970	1341.875955	
74.922276	59.151535	300.044332	674.799314	976.571560	880.672516	1271.205458	1323.914496	1507.886702	1385.002763	1600.389563	1109.600962	1409.313354	1143.770127	1205.433961	1367.406159	1553.626679	1594.943710	958.619046	975.010440	917.794045	952.516480	707.022092	509.445655	684.415609	676.694060	1163.415851	1822.979204	1732.065106	1998.728204	2110.677664	2387.870005	2066.863755	1556.701182	1107.762770	1484.965619	1309.766750	975.201698	1423.494648	3891.711228	5159.797494	15357.830644	65305.999367	201444.739045	38541.687360	11970.229368	7560.004162	4574.318954	3283.367277	2904.929683	2730.147593	3037.537842	3097.349863	3295.575642	3371.023771	2464.002765	2030.447997	1742.069233	1618.755590	1661.245822	1585.332734	1638.939733	1261.659933	404.252161	439.337404	331.282972	298.618928	477.735736	1192.964816	1594.343075	1261.228095	
0.000000	91.249315	205.139892	476.861059	697.626913	618.784614	1052.587781	1069.159521	1381.770138	1390.255662	1535.496121	1093.164226	1386.707279	976.592046	918.451997	1099.785122	1420.629185	1283.921860	634.844100	670.154946	550.597664	694.301801	486.130794	358.429308	456.166394	448.646479	811.078873	1532.679677	1542.257106	1649.571394	1562.727651	2038.399242	1499.056285	936.542447	700.483188	897.453654	834.424892	623.686965	853.233656	2171.139511	2450.391133	6495.576680	10237.138631	38541.687360	202813.766576	67366.354264	23817.734801	8048.268796	4460.397871	4095.910955	4242.112529	5099.732502	3967.932954	3463.154459	3109.685725	1824.097727	1501.549545	1215.345440	1113.009691	1258.802340	1229.966251	1318.215682	943.806777	321.603016	349.185804	296.871329	274.381282	355.681742	938.560370	1519.188906	1168.820595	
182.469749	86.436501	193.691217	462.584203	612.934394	549.212975	883.526075	873.989093	1067.990541	1123.536017	1373.608104	949.411183	1293.227208	998.069023	859.058929	959.580112	1210.308017	1107.352441	561.743531	650.692616	485.190101	603.423710	448.560082	353.147366	469.567406	463.225111	749.228418	1300.318938	1297.030875	1397.872878	1381.444123	1607.419405	1229.993698	817.805729	650.350384	729.672987	711.903773	636.613689	758.185362	1735.139521	1983.642926	3978.077064	5717.691625	11970.229368	67366.354264	217259.812820	44901.612761	11218.367937	5757.259077	4963.026244	4737.425279	4889.642411	3686.180305	3249.092075	2832.542189	1712.259546	1388.087709	1158.073852	1083.194125	1173.222937	1129.391787	1166.223537	791.808535	313.540468	352.764050	286.452398	262.955250	343.810001	843.475264	1170.871637	976.519155	
173.548824	137.017718	175.847963	402.840371	593.763810	499.081259	767.146061	828.980363	944.494041	968.647739	1225.329879	803.534309	1113.011113	767.497761	760.912977	895.591211	1171.661660	998.737519	550.060376	512.208535	474.967400	534.957368	401.245136	300.001460	377.975393	397.405865	691.868585	1113.880180	1180.375333	1241.564388	1182.432764	1444.179877	1038.690907	696.355526	543.729650	691.547066	630.594837	476.240954	681.749156	1492.363283	1539.778982	3308.093378	4342.630663	7560.004162	23817.734801	44901.612761	200494.890026	65962.266796	13619.266000	9559.505098	7143.794076	6287.550208	4183.723306	3477.799744	2850.971606	1670.491145	1375.233609	1130.086871	1108.006398	1135.948155	1023.655729	1020.797338	805.143611	296.268765	324.395332	260.192338	235.453939	303.074255	749.060949	1204.735472	914.914902	
